0.475776
0.306268
0.464219
0.819481
0.668267
0.011839
0.139408
0.017393
1.204880
0.256479
0.122874
0.116345
0.119542
0.812954
0.270585
0.016779
0.022677
0.330382
0.511131
0.279237
1.106022
0.561047
0.048053
0.216938
0.028966
0.023860
1.110043
0.080152
0.048457
0.183273
0.438417
0.612470
0.723875
0.104578
0.358764
0.348725
0.119212
0.703992
0.384296
0.065222
0.085182
0.701651
0.200161
0.230457
0.407638
0.688822
0.257329
0.460431
0.131574
0.021722
0.015097
0.064994
0.631008
0.064698
0.321134
0.741852
0.091945
0.227303
1.271177
0.150782
0.557642
0.351822
1.699062
0.287308
0.592008
0.325626
1.400295
1.182679
0.133268
0.322713
0.014395
0.247651
0.130537
0.221797
0.713363
0.773841
0.056082
0.088489
0.246398
0.205848
0.114528
0.271353
0.307509
1.273177
0.388483
1.353554
0.593454
0.615799
0.177319
0.478759
1.729103
1.765942
0.064700
1.367283
0.261980
0.844593
0.266949
0.213132
0.639015
0.521574
0.864720
0.692734
0.019510
0.026908
0.057183
0.800178
0.915206
0.120508
1.614162
0.129862
0.401084
0.090217
0.521441
0.005537
0.045359
0.103982
1.443742
0.760626
1.131382
0.139101
0.253515
0.999212
0.120149
0.366043
0.803543
0.485685
0.203552
0.119900
1.728745
0.028730
0.986175
0.782968
0.819003
1.147008
0.927351
1.224966
0.597531
0.574668
0.068409
0.536020
1.214578
0.568961
0.865189
0.409867
0.586445
1.201243
0.687607
0.503672
0.587319
0.515222
1.050511
0.046489
0.354235
0.047856
0.468096
0.183458
0.623633
1.426306
0.367346
0.571599
3.145196
0.240000
0.319623
0.814256
0.164499
0.189760
0.632002
1.900927
3.435681
0.933297
0.504424
1.208727
0.372079
0.306377
0.317725
0.121287
0.229157
0.122642
0.949253
0.030257
0.985451
0.650749
0.079795
0.229648
0.855048
0.704042
0.562587
0.379496
0.598159
0.108923
0.119805
0.595102
0.430153
0.578186
0.346193
0.973588
0.000593
0.122374
0.900888
0.000074
0.032242
0.317775
1.209554
0.442536
1.319024
0.240069
0.811541
0.175595
0.456671
0.529097
0.219152
0.307619
0.239659
0.348957
0.879433
0.111538
0.149045
0.349748
0.658026
1.555691
0.600181
1.449054
0.526774
0.161401
0.497460
0.081802
0.071477
0.499064
0.229449
1.724148
0.499264
0.281471
0.288622
0.391074
0.008972
0.228686
1.287716
0.858776
0.544141
0.369803
0.320669
0.009121
2.013883
0.962784
0.367457
0.830223
0.027837
0.753032
0.187790
0.770798
0.661528
0.006049
0.656212
0.243051
0.169773
0.223988
0.383830
0.273324
2.447173
1.171300
0.246586
0.489202
0.203527
0.879750
0.091161
0.217069
0.108409
0.047455
0.094777
0.976422
0.474981
0.519349
1.044568
0.452465
0.346866
0.252637
0.259913
0.404217
0.096112
0.633786
0.208065
1.196025
0.655613
0.036952
0.173744
0.009295
0.283098
0.884339
0.289490
0.276545
0.660936
0.882588
0.025079
0.035080
0.534594
0.121410
0.272306
0.954046
0.182738
0.448986
0.618535
1.258987
0.136357
0.440912
0.361604
0.671583
2.026569
1.264010
0.173664
0.085697
0.508980
0.502333
0.034176
0.230367
0.610512
0.222837
0.245182
0.073897
0.104774
0.877598
0.413021
1.278181
0.533514
0.472270
2.311145
0.187480
0.876448
0.263904
0.089754
0.071278
0.001356
1.036079
0.026826
0.138139
0.308148
0.418562
1.965604
0.292318
0.333963
0.159970
0.458398
0.067279
1.191031
0.548713
0.341675
0.474293
0.013110
1.071397
0.693354
0.120990
0.618593
0.187219
0.073868
0.227672
1.285014
0.068203
0.567306
0.693538
0.385678
0.925031
1.073035
0.388615
0.630905
1.368965
0.760988
0.097350
0.348921
0.717952
0.483278
2.281587
0.018284
0.124110
0.061349
1.437174
1.086139
0.471505
0.406257
1.214986
0.339838
0.182903
0.067846
0.113462
0.482068
0.153419
0.420580
0.390611
0.248578
0.142006
0.172902
1.325049
0.047164
0.096432
0.317135
0.822207
0.058662
0.144774
2.061144
0.474722
0.006795
0.462416
0.461425
0.025333
0.866407
0.633073
2.477490
0.617724
0.199218
0.398378
0.485448
0.862563
0.967491
0.689451
0.012592
0.321474
0.006226
0.450281
0.008275
0.258856
0.919116
0.184636
0.202837
1.336223
0.330989
0.812659
0.669307
0.451776
0.028046
0.639319
0.116544
0.035236
0.196511
0.831765
0.062470
0.080202
0.376040
0.058493
0.974191
0.973314
0.538837
0.325765
0.568305
0.361996
0.128672
0.608636
2.275667
0.136740
0.176642
0.002939
0.515557
0.074554
0.188894
1.883168
0.035985
0.801713
0.757096
0.823134
0.250162
0.899582
0.376253
0.460126
1.164511
0.961397
0.265610
0.010132
0.001002
1.412809
0.069897
0.981265
0.799678
0.780505
0.206433
0.324152
0.182111
0.416373
0.099855
0.174573
0.815892
0.325671
0.178745
0.296932
0.480092
0.477509
0.276409
0.580167
0.267208
0.114510
0.340461
0.824231
0.020021
0.011464
0.263169
1.422444
1.045629
0.861160
1.634022
1.053798
0.717903
0.048466
0.669644
0.410547
1.070480
0.039639
0.018912
0.103956
0.512724
0.123046
0.329306
0.295100
0.596689
0.763932
1.120246
0.188426
0.253912
0.191559
0.000300
0.836149
0.370072
0.341055
0.483581
0.413002
0.363990
0.014753
0.350654
0.250095
0.949976
0.313664
0.158765
0.474021
0.408636
0.005037
0.094704
0.290645
0.045094
0.117652
0.495163
0.650249
0.279151
0.058815
0.095210
0.066551
1.122045
0.034665
0.288667
0.172777
0.243269
0.289202
0.055107
1.194089
1.356465
0.644034
0.317824
0.299623
0.699735
1.834002
0.930104
0.462788
0.290317
0.061884
0.121799
3.371714
0.067588
0.246124
0.289592
0.119559
0.456173
0.035313
1.409062
0.013295
0.098716
0.060333
0.081768
0.037976
0.099623
0.445153
0.227311
0.417240
0.014548
0.317127
0.321325
1.639513
0.107753
1.445788
0.266459
1.470038
1.256554
0.148846
0.400183
0.222706
0.234111
0.728429
0.221787
0.346897
0.084672
0.799511
0.624139
0.701620
1.005312
0.529624
0.758064
0.023157
0.728258
1.339024
0.063007
1.474466
0.367790
0.330543
0.360263
0.398643
1.532850
2.195311
0.358500
0.079641
1.344994
1.294435
0.049569
0.952247
0.100669
0.518126
0.118204
0.406247
0.265728
0.420596
0.029118
0.419703
0.228413
0.733913
0.194476
0.132507
0.274833
0.054168
0.162909
0.105244
0.017283
0.252473
0.073911
0.404559
1.060847
0.526226
0.055019
0.896531
0.508782
0.478536
1.976291
0.422735
0.389222
0.039077
0.273871
0.642311
0.637191
0.500228
0.163901
0.071155
0.112255
0.204787
0.603122
0.419435
0.055824
0.011590
0.806237
0.375916
0.067102
0.040968
0.633472
0.086917
0.322304
0.968013
0.626429
0.219487
0.353261
0.853284
0.104653
0.078426
0.285020
0.092953
0.629061
1.852036
0.140403
0.073994
0.599694
1.679384
0.734507
1.910996
0.051498
1.769190
0.188572
0.801105
0.386898
0.272212
0.861481
0.207264
1.481363
1.469214
0.270657
0.549253
0.056369
1.118158
0.369444
0.859983
0.142810
0.014713
0.510049
0.287508
0.095681
0.038407
0.466912
1.103544
0.025286
0.954522
0.013963
0.689036
0.849135
0.798227
0.647408
1.231783
0.731212
0.020533
0.624866
0.183411
0.308147
0.382732
0.519816
0.262446
0.328825
0.033301
0.038987
0.444031
1.580078
0.454864
0.263372
0.115356
0.492237
0.025077
0.515481
0.806048
0.065541
0.144034
0.586416
0.094472
0.053830
0.633011
1.263513
1.257066
0.362252
0.519449
0.897691
0.166871
0.579803
0.396323
0.446811
0.079175
0.042908
0.135408
0.404648
0.415251
0.179536
0.496910
0.082861
0.150051
0.128872
0.412989
0.313015
0.960608
0.472229
0.057495
0.530806
0.662060
0.222296
0.211264
1.182928
0.309003
0.032356
0.875025
0.239057
0.431490
0.319699
0.120389
0.989740
0.086451
0.716356
0.301368
0.182086
0.927591
0.585481
0.983262
0.261909
2.390210
0.336572
0.411017
0.144418
0.631339
0.065428
0.629661
0.422771
0.661690
0.870855
0.127303
0.315302
0.101483
0.421277
0.234091
0.517362
0.499907
0.111631
0.012517
0.117956
0.558112
0.136369
0.037366
0.889717
0.000024
0.371900
0.073378
0.927742
0.120799
2.835084
0.144754
0.115484
0.333204
0.835207
0.305415
0.113799
1.362756
0.095128
0.744121
0.551692
3.115542
3.458218
0.073081
0.100279
0.420127
0.356515
0.875507
0.111854
0.618831
0.952328
0.264326
0.240977
0.047064
0.329478
0.120203
0.047090
0.003666
0.215534
1.355312
0.125471
0.212889
0.102206
0.279455
0.895447
2.857486
1.082577
0.018718
1.338211
0.030152
0.832938
0.457452
0.029108
0.830322
0.664820
0.136088
0.237715
0.140698
0.033435
0.432364
1.552876
1.237330
2.275099
0.205968
0.002829
0.319371
0.400727
0.050200
0.326338
1.158901
0.014730
0.604129
0.142675
0.120337
0.069315
0.042473
0.118245
0.007414
0.062885
0.076457
0.038030
1.323644
0.675930
0.069512
0.671887
0.323770
0.229491
0.062511
0.639958
0.283483
0.595952
0.565282
0.214288
0.578850
0.007446
0.218638
0.085890
0.417478
0.298675
0.506932
0.315196
0.325773
0.206599
0.629153
0.589905
0.315480
0.798022
1.167910
0.329506
1.235413
0.023056
0.405827
0.931011
0.771608
0.578655
0.438274
0.152568
0.027620
0.604167
2.097052
0.333251
0.253469
0.542450
0.901095
0.043572
0.564814
0.104910
0.138069
0.139165
0.509440
1.053828
0.619920
0.062647
0.122277
0.277942
0.831485
0.577377
0.126632
0.625347
0.091663
0.074960
0.710981
0.642554
2.063376
0.393803
0.263011
0.419257
0.825243
0.310685
0.156639
0.787419
1.490820
0.549230
0.303506
0.767056
0.693290
0.070707
1.817622
2.375835
0.234860
0.474179
1.019496
0.044630
0.655381
0.045393
0.358543
0.389146
0.738440
0.665080
0.146853
1.399702
1.038873
0.006676
0.543144
0.978268
0.408598
0.037137
0.277824
0.228149
0.382186
0.594137
0.086780
0.330499
0.224606
0.476422
0.155999
0.059358
0.685658
0.138298
0.054519
0.064514
0.962977
1.808618
0.115615
0.439316
0.030900
0.633403
0.067028
0.890649
0.302417
0.238989
0.736437
0.199212
0.249801
0.283934
0.103682
1.513708
0.351447
0.475410
0.191314
0.020007
0.184684
0.324343
0.370002
0.555390
0.048049
0.782483
0.763096
0.909622
0.016543
1.085521
1.595896
1.089336
0.979797
0.090368
0.318816
1.256738
1.075422
0.454306
0.694337
0.205829
1.883552
0.368370
0.548415
0.231104
1.546073
0.959845
0.194060
0.307579
0.314545
0.510274
0.345244
0.747501
0.062142
0.010896
0.295701
0.116910
0.836883
0.130091
0.023728
0.932183
0.061100
0.002631
0.658037
1.827018
0.093522
0.113620
1.118058
0.027866
0.805189
0.516021
0.248508
0.750447
0.090192
0.029731
0.079602
0.063715
1.209985
0.316353
0.432669
0.237407
0.057397
0.040474
0.083471
0.127652
0.052299
0.458396
0.284417
1.213932
0.883890
0.327119
0.706895
1.444047
0.332193
0.335296
1.253155
0.533562
0.588609
0.834484
0.619300
0.338689
0.303742
0.053718
0.156755
0.484226
0.086936
0.269185
0.673489
0.036646
1.082053
0.192145
0.297710
2.525498
0.252773
0.461180
0.123537
0.342727
0.113212
0.528829
0.262051
0.016215
0.071297
0.089979
1.869606
0.481565
0.529631
1.125274
0.160314
0.211677
0.612457
2.084016
0.907636
0.088069
0.045172
0.056209
0.761234
0.141167
0.369731
0.368866
0.190374
0.261936
0.919011
0.724763
0.256559
0.135703
0.229226
0.484174
0.661812
0.422403
0.159430
0.076427
0.460990
0.260367
0.182958
0.431963
0.012258
1.606034
0.320424
0.177285
0.181835
0.098843
0.166370
0.076626
0.208416
0.230563
0.142785
0.065451
0.477783
0.737113
0.517113
1.344528
0.098507
0.332150
0.597628
0.433982
0.641976
0.033664
0.111875
0.305222
0.504576
0.320759
0.456442
0.135734
1.057731
1.177328
0.847054
1.169838
1.000502
0.170817
0.112928
0.092972
0.316274
0.331998
0.186814
0.829399
0.964258
0.410697
1.346545
0.317479
0.201155
0.429987
0.257163
0.356723
0.032106
0.052386
0.047288
0.769147
0.089912
0.171757
0.138630
0.804856
0.722457
0.918729
0.019264
0.515930
0.684919
0.962187
0.396260
0.471642
0.077406
0.692077
0.757822
0.473618
0.133726
0.048311
0.273936
0.046776
0.528182
0.218593
0.409754
2.052449
1.336652
1.627876
0.340170
2.493212
0.031427
0.438291
0.753492
0.127770
1.037818
0.010390
0.012944
0.509103
0.987882
0.032724
0.165931
0.467223
1.246781
0.885130
0.122854
0.031368
0.432770
3.155140
0.558894
0.840598
0.047311
0.049810
1.167340
0.678494
0.297981
0.310423
0.647447
0.238972
0.275788
0.123993
0.233495
0.331675
0.813356
0.082164
0.619590
0.566522
0.094433
0.665779
0.190415
0.017010
0.802938
0.457046
0.511721
0.630573
0.280035
0.977703
0.751370
0.004019
0.971322
0.299353
0.862580
1.468338
0.394054
0.645517
0.584823
2.580459
0.103834
0.268581
0.234368
0.472708
0.504236
0.687817
0.050661
0.288705
1.145611
0.821852
0.061988
0.036802
0.391176
0.283967
0.055135
0.209243
0.016481
0.683346
0.030209
0.309257
0.462595
0.904277
0.316743
0.308297
0.168847
0.172033
0.261430
0.891548
0.008131
0.050851
0.874772
0.113862
0.359024
0.111793
0.844071
0.079804
1.475137
1.212355
0.441151
0.937131
0.633338
0.606624
1.247429
0.151164
0.073134
0.011071
0.461736
0.092261
0.728251
0.541602
0.496794
0.231410
0.344179
0.052134
0.888082
0.766671
0.247257
0.135833
0.478647
0.260661
0.203678
0.291892
0.470701
0.938297
0.514408
0.276742
2.593456
0.446098
0.205153
0.434443
0.287040
0.028172
0.166585
0.218686
0.189673
0.271868
0.235937
1.253901
0.443273
0.077227
0.433802
0.122744
0.360374
0.040412
0.190406
0.211045
0.989635
0.613495
0.436396
0.324948
0.060006
1.243309
1.263591
0.641888
0.721323
0.413552
0.080124
0.709635
0.082987
0.331426
0.206767
0.445443
0.387620
0.486486
1.440996
0.965848
0.021176
0.192938
0.742838
0.496304
0.311123
0.218241
0.938881
1.883391
0.282234
0.089420
0.193713
0.173481
1.022374
1.168668
0.737164
2.057618
0.858024
0.587504
0.613260
0.438443
0.146428
0.964669
0.209300
0.261113
0.207286
0.570849
2.828918
1.055088
0.180317
1.410779
0.661906
0.210975
0.150979
0.354163
1.817646
0.643485
0.987455
0.859324
0.603267
0.173054
2.081936
0.011105
0.440621
0.965649
1.297684
0.220649
0.912300
0.684436
0.024586
0.394176
0.199888
0.179663
0.255548
0.556703
0.616623
0.672650
0.217152
0.610669
0.481589
0.532179
0.518737
0.217089
3.620655
1.183739
0.982110
1.804247
0.497365
0.638202
0.788967
0.200944
0.006809
0.752656
0.217635
0.457217
0.501322
0.163067
1.562418
0.319149
0.012094
0.002023
0.008683
0.218035
0.182564
0.270108
0.012653
0.007327
0.085345
0.236824
0.635968
0.746357
0.016429
0.227351
0.068163
0.016059
0.158484
2.178213
0.002263
1.160491
0.615735
0.800028
0.132482
0.639459
0.429207
0.440555
0.193507
0.117392
0.997436
0.162155
0.571389
1.094034
0.164956
0.599135
0.138071
0.442039
0.061458
0.154816
0.459963
0.159124
0.515790
0.193687
0.024499
0.563323
0.580020
0.096342
0.614628
1.587097
0.088627
0.622407
0.983039
1.022309
0.356798
0.048675
0.448529
0.045119
0.567284
1.221790
0.175166
0.390889
0.105438
1.877797
0.281301
0.318514
0.561807
0.556714
0.029898
0.781658
1.389119
0.538662
0.032610
0.435431
1.972735
0.058803
0.148725
0.550083
0.168585
1.673079
0.490890
0.297688
0.564720
0.332135
0.192255
0.103454
0.431509
1.212081
0.159547
0.148229
0.870338
0.420520
0.802128
0.007416
0.394116
0.130186
0.332631
0.124391
1.155333
0.392527
0.005434
0.912111
0.113701
0.038412
0.272420
0.101706
0.102223
0.565604
0.952715
0.318490
0.513803
0.323702
1.261354
0.192040
1.634412
0.136544
0.352437
0.388332
0.081507
0.754848
0.796327
1.844834
0.213672
0.452645
2.289902
1.117992
0.870946
0.322755
0.060159
0.646614
0.009851
0.066292
0.415370
0.126099
0.110397
2.078291
0.261252
0.241458
0.541905
0.149343
0.962526
0.181083
0.663645
0.743366
0.487432
0.596605
0.006473
0.068819
0.135128
0.089136
1.190861
0.017001
0.074427
0.147434
0.495786
0.068510
0.080368
0.302402
0.462731
0.151801
0.098881
0.487969
0.243894
0.680718
0.935629
0.438697
0.651062
0.145869
1.707954
0.246937
0.357945
0.860982
0.591391
0.141213
0.452150
0.190141
1.430616
0.468296
0.294319
0.098992
0.737722
0.217338
0.119794
1.201907
0.468113
0.922755
0.019201
0.706069
0.175399
0.512672
0.009196
0.322472
0.153594
0.258959
0.123600
0.058581
2.227288
1.469312
0.225960
1.556450
0.205342
1.039072
0.749873
0.015425
0.064420
0.232598
0.212867
0.032903
1.956675
0.784211
0.139398
0.695853
0.077831
0.304728
0.540843
0.697258
0.177202
0.599744
0.355071
0.451049
0.207742
0.373959
0.036065
0.463760
1.336021
0.170264
0.627677
1.258284
0.134376
0.040941
1.038890
0.424866
1.533691
0.527210
0.461719
0.038626
0.011938
1.493465
0.074268
0.001813
0.675820
0.240096
0.703187
1.082875
0.909121
0.268881
0.507204
0.073148
0.060857
0.078800
0.655372
0.303097
0.558069
0.804646
0.030429
0.462346
0.046374
0.743763
0.369711
0.195961
0.957603
0.253253
1.135121
0.820324
0.025125
0.346135
1.062171
0.037686
0.298118
0.009346
0.039642
0.105548
0.255291
0.889495
0.039327
0.135605
0.141937
0.624177
0.233917
0.224502
0.978901
0.054920
0.847261
0.378885
1.171671
1.041150
0.072302
2.451100
0.524092
0.535371
0.190493
0.348692
0.028099
0.120097
0.184273
0.054716
0.624288
0.104589
0.096949
0.088492
0.116135
0.145497
0.217326
0.467127
0.043690
0.279439
0.931086
0.200843
0.076093
0.123147
0.589715
0.000002
0.194547
0.355512
0.378889
0.128301
0.242429
0.548200
0.123522
0.017110
0.195171
0.383619
0.383673
0.237266
0.691612
0.929001
0.328389
0.310244
0.016657
0.536091
0.489780
0.137239
1.205191
1.886861
0.939159
2.548965
0.259751
0.588533
0.196299
0.395220
1.204670
0.008698
0.395225
0.132279
0.373385
0.040416
0.306964
1.205760
0.680471
0.566093
1.440869
0.034544
0.120004
0.326693
0.294015
1.643169
0.195585
1.302250
0.276630
0.220416
0.438293
0.025358
0.453828
0.340627
0.013421
0.293209
0.334626
0.282525
0.072803
0.837278
1.908882
0.023351
0.885552
0.371570
0.162923
0.219997
0.460695
0.667538
0.154815
0.212030
0.267674
0.118016
0.265830
0.494313
0.585531
0.972282
0.446436
0.006896
0.763953
0.007785
0.231174
0.228492
0.033551
1.701511
0.986018
0.047917
0.264165
0.214419
0.370176
0.394734
0.087977
0.347652
0.447682
2.366412
0.012894
1.018667
0.213210
0.493750
0.466320
0.475234
1.807971
0.010622
0.867737
0.243456
0.523389
0.360409
0.138819
0.136860
0.374693
0.012885
0.147121
1.139142
0.248995
0.192688
0.998535
0.145896
0.264827
0.160570
0.460414
1.360910
0.859048
0.720173
0.285750
0.265628
0.701929
0.308817
0.165474
0.053520
0.046208
1.095720
0.627547
0.031674
1.199905
0.386782
0.296074
0.408446
0.026848
0.584450
0.798884
0.433303
0.627163
0.026994
0.324244
0.056574
0.232896
0.208843
0.223188
0.765205
0.478700
1.633340
0.632566
0.286974
0.645531
0.083098
0.944698
0.326362
0.475831
0.069973
0.434805
0.605625
0.009510
0.175372
0.721027
1.316268
0.899302
0.118127
0.333060
1.089080
1.149855
0.167006
0.314030
0.476534
0.205122
1.437092
0.639033
0.616998
0.167715
0.042496
0.339057
1.156720
0.022158
0.118003
0.206081
0.731306
0.225763
0.103278
0.142339
1.891499
0.190787
0.881962
0.568813
0.204777
0.066460
0.292576
0.153370
1.596302
0.529792
0.694067
0.934381
0.402724
0.017510
0.187026
0.091695
0.231752
0.147587
1.099024
0.041581
0.388881
1.761030
0.424578
0.291381
0.006953
0.762661
0.755767
0.762042
0.078791
1.691409
0.015190
0.065646
0.166523
0.977912
0.810907
0.482894
2.037779
0.140810
1.074822
1.423246
1.145522
0.502471
0.774731
0.300695
0.551834
0.052512
0.483143
0.020032
0.219481
0.355134
0.063389
1.131015
0.325953
0.587685
0.205873
0.339384
0.320984
0.062179
0.160749
0.483184
0.043316
0.181822
0.678516
0.228048
0.089212
0.393769
2.119014
0.079164
0.781458
1.016426
0.046268
0.584488
0.349555
1.043820
0.076148
0.093961
1.859010
0.715171
0.118237
0.200995
0.156849
0.199988
0.128657
0.689577
0.010591
0.415494
0.137855
0.341305
0.571780
0.362737
0.060655
0.722602
0.859530
0.971819
0.069947
2.073191
0.256961
0.061713
0.069981
0.106801
2.104941
0.123585
1.067036
0.334837
0.049917
0.011589
0.538589
0.036678
0.765509
1.020257
0.256867
0.027199
0.111386
0.495260
0.807610
0.124655
0.107214
0.021517
0.628276
1.036989
0.408251
0.884825
0.508909
0.238043
0.579859
0.733030
0.225468
0.046211
1.082632
0.340192
0.164676
1.021776
0.623386
0.088521
0.222017
0.824040
0.102386
0.009083
1.053143
1.734506
1.094804
0.164289
0.011019
0.045916
1.196639
0.865662
0.184377
0.053608
1.001501
0.012028
1.864502
0.275039
0.959947
0.476738
0.809455
0.388050
0.242066
0.090075
0.494542
0.156704
0.537104
1.196767
0.075109
0.231813
0.036796
0.344614
0.098361
0.147936
0.362875
0.029288
0.127426
0.258822
0.205450
0.141690
0.338459
0.140927
0.036133
0.805277
0.213307
1.365045
0.868616
0.195240
0.221492
0.565626
1.389252
0.087038
0.122422
0.194036
0.196241
0.932993
0.446634
2.038856
0.701110
0.654971
0.218520
0.871198
0.129516
0.380324
0.042244
0.681756
0.445225
0.182632
0.080270
1.305071
0.402322
0.511015
0.094427
0.487051
0.290230
0.366336
0.407381
0.153502
0.924626
1.233361
1.421276
0.758233
0.038929
0.086520
0.053876
0.255019
0.002081
0.590183
0.241103
0.709623
0.274955
0.667108
0.437338
0.526627
0.156857
0.545352
0.251626
0.978793
1.753383
0.392363
0.769203
0.369867
0.101604
1.577592
0.078460
0.489417
0.323845
0.606142
1.097329
0.192384
0.480671
0.886940
0.052628
0.589682
2.265186
0.112858
0.048284
2.508582
1.126371
0.321829
0.696116
0.191280
0.118664
0.203596
1.738285
0.327483
3.252188
0.226691
0.207259
1.729033
1.194510
0.066547
0.337917
0.048350
0.042772
0.505982
0.630135
0.409054
0.206985
0.464467
1.052383
1.568647
0.285777
1.909069
0.523663
0.276324
0.099278
0.675807
0.270601
0.038968
0.121553
0.092823
0.249501
0.278504
0.350505
0.224670
1.190917
0.348998
0.648182
0.141819
0.318315
0.503595
0.232272
1.637675
0.649009
0.302170
0.456513
0.292909
0.006188
1.387669
0.024792
1.105573
1.123440
0.330561
1.014208
0.391971
1.194634
0.024880
0.167439
0.197452
0.065920
0.346960
0.342280
0.363231
1.311843
3.916453
1.053233
0.901160
0.348600
0.464192
0.042803
1.805041
0.136932
0.302222
1.367814
1.697980
1.188586
0.381612
0.263682
1.259666
0.318866
0.306445
0.830133
0.227681
1.423181
0.567174
1.199433
0.949388
0.648979
0.107683
0.097098
0.949996
0.592314
0.557663
0.228495
0.485908
0.557059
0.140615
0.305037
0.095470
0.948407
0.386889
0.079362
0.046891
2.436882
0.042732
0.028820
1.149012
0.478235
0.313541
0.854711
0.045654
1.288961
0.495697
0.301695
1.005007
0.183586
0.224885
0.629851
0.017410
0.405942
1.116367
1.079895
0.143921
0.416155
0.144818
1.026787
0.135086
0.343194
0.199056
0.264299
0.212755
1.009256
0.407473
0.286423
0.981282
0.509787
0.338726
0.711573
0.147189
1.584356
0.431464
0.209480
1.068581
0.115976
0.793142
0.689211
0.361108
0.085715
0.312077
0.397640
0.625043
0.220845
0.283871
1.657134
1.275571
0.577051
0.902009
0.086439
0.100000
0.089430
0.421205
0.375210
0.015706
0.067719
1.660913
1.105581
0.726041
0.304407
0.524157
0.010572
0.267172
0.129092
0.225643
0.175458
0.285078
0.086289
0.022489
1.486865
0.189933
0.354909
0.344013
0.015007
1.002417
1.334146
2.495912
0.773995
0.477632
0.881792
1.460167
0.796187
2.436390
0.362229
0.196069
0.011774
0.513722
0.170051
1.224957
0.262121
0.681889
0.414107
0.280112
0.086138
0.782035
0.785375
0.302761
0.127627
1.504082
0.344768
0.095682
0.155076
0.003240
0.556763
0.175654
1.026987
0.460941
0.170850
0.538084
0.122643
0.062787
0.464669
0.007089
0.058468
0.064257
0.206598
0.071722
0.719166
0.492780
0.024243
0.093571
0.231873
0.471446
0.457637
0.376799
0.256428
0.248547
2.053431
0.492416
0.209519
0.328632
0.806386
0.469507
0.334901
0.319582
1.178094
0.223117
0.038709
0.108244
0.009625
0.172668
0.187469
0.489418
0.182710
0.274979
0.682950
0.517202
0.406705
0.354157
0.158268
0.463152
0.566912
0.514182
0.120708
0.162721
0.094213
0.478169
0.553569
0.084375
0.138668
0.005944
0.506692
0.021906
0.484851
0.066881
0.361940
0.373299
0.331958
0.445348
0.637702
0.350827
1.067043
0.016959
0.068762
0.103969
0.304749
1.033108
0.892800
0.006559
0.239714
0.054704
0.479883
0.030439
0.685297
0.890418
0.205380
1.249195
0.296385
0.003185
0.037934
0.584634
0.009168
0.619065
0.658892
0.509401
0.901743
0.142114
0.090159
0.193158
0.907110
1.084366
0.870571
0.634135
1.256825
1.530579
1.184491
0.235325
0.875796
0.671096
0.245868
0.116196
0.923730
0.002735
0.154914
0.443860
0.906872
0.462264
0.352802
0.167151
0.470333
0.432860
1.816605
0.494162
0.170770
0.611817
0.155150
0.066538
1.531423
0.282613
0.294436
0.780992
0.190957
0.157168
0.355618
0.134904
0.126089
0.268403
0.473218
0.025329
0.083686
0.000157
0.148368
2.824298
0.002893
0.370315
0.439599
0.924885
0.067605
0.047746
0.067847
0.666092
0.554824
0.052935
0.226200
1.605090
0.820720
0.498036
0.044007
0.712610
0.032238
0.376766
0.399060
0.238927
0.802289
0.030293
0.479026
0.011081
0.321394
0.129540
0.036992
0.494820
0.129744
0.198804
0.490105
0.133497
0.952781
0.117641
0.040090
1.902229
0.178856
0.114040
0.625582
1.771097
0.181488
0.040458
1.334662
0.058658
0.616188
0.007533
1.021037
0.736671
0.392908
0.272420
0.081688
0.210247
0.325863
0.728551
0.227220
1.529114
2.683128
0.286804
0.435323
0.126725
0.723203
0.115390
0.306434
0.478356
0.268703
0.383132
0.450178
0.630207
0.671987
0.183654
0.581597
0.022284
0.243173
0.481448
0.083787
0.049100
0.501425
0.012416
0.998927
0.097655
0.294027
0.007609
0.367712
1.284884
0.762071
1.085316
1.045660
0.751461
0.194603
0.306056
0.000702
0.045504
0.545146
0.307730
0.606736
0.041484
2.635513
0.175780
0.795020
0.662232
0.462936
0.330433
0.751739
2.252464
0.053687
1.343615
0.043039
0.663971
1.567010
1.467337
1.217476
0.256289
1.634489
0.283783
0.196149
0.681576
0.192090
0.112180
0.368725
0.512768
0.537596
0.370193
0.651687
0.194783
2.027894
0.282133
0.257307
1.898006
0.650304
0.110542
0.621694
0.201320
0.572769
0.335927
0.193121
0.765678
0.273373
0.257811
0.365670
0.237108
0.215179
0.282055
0.754067
0.186749
0.998397
0.054447
0.028722
0.101193
0.181309
0.430775
0.870391
1.647279
0.052994
0.402602
0.168132
0.043456
2.074690
0.582110
0.031354
0.622154
1.086591
0.740030
0.022137
0.419818
0.151645
0.226043
0.216848
0.574088
0.727442
1.022525
0.031157
0.061816
0.179596
0.913455
0.279285
0.090755
1.425942
0.330630
0.214785
0.141455
0.031625
0.095476
0.117436
0.088283
0.648832
0.341492
0.140583
0.620763
0.100891
0.182555
0.274884
0.035700
0.040744
0.313889
0.506737
0.207660
0.885757
2.251950
0.011458
0.453786
0.981490
0.043361
0.623776
0.087964
1.276535
0.075857
0.198236
0.999105
0.489836
0.564313
0.058736
0.578955
0.949730
0.192951
0.940997
0.430406
0.843848
0.048702
0.170006
3.055410
0.254323
0.620932
0.034510
0.324036
0.097630
0.608253
0.848635
0.003665
0.589918
0.914646
0.462919
0.401739
1.279000
0.190333
0.625100
0.931193
0.305655
0.020861
0.617423
0.042739
0.631837
0.857274
0.730044
0.419361
0.075480
0.477903
0.078279
1.552463
0.616031
0.283836
1.528309
0.056585
0.077925
0.009921
0.438471
0.194076
0.642560
0.256050
0.199489
0.268973
0.137374
1.350003
1.725479
0.088832
0.143434
0.572596
0.003752
0.613363
0.641329
0.630441
0.777180
0.289987
0.384529
0.406483
0.003928
0.564538
0.094346
0.082875
0.499619
1.061246
0.440824
0.439490
2.181802
0.655059
0.463726
0.423399
0.026649
0.198616
1.787386
0.239741
0.681046
0.119265
0.188214
0.622676
0.234995
0.414002
0.250436
0.241011
0.157238
0.062044
0.052160
0.030143
0.406851
0.504770
0.477209
0.415756
0.187188
0.773047
0.631778
1.442291
0.550090
0.180666
0.376359
0.531318
0.017018
0.071563
0.127879
0.044616
0.309185
0.110104
0.313926
0.114740
0.263701
0.756959
1.245749
0.768222
0.210061
0.186411
0.091554
0.474488
0.279230
0.154885
0.556406
2.089812
1.161386
0.168668
0.398483
0.120577
0.038037
0.155072
0.086226
0.674385
0.421882
0.581283
0.251178
0.462382
0.859271
0.484540
0.583566
0.165539
0.852470
0.084212
0.333646
0.129437
1.366365
0.258856
0.006510
0.162860
0.628212
0.099382
1.107538
0.077299
0.295875
0.413021
0.068446
0.214347
0.943757
0.565425
0.413820
1.274269
1.440306
0.638850
0.542717
0.360578
0.262665
0.029420
0.062320
0.130236
0.566151
0.819762
0.357863
0.342516
1.621226
3.124281
0.643689
1.131156
0.257237
0.667689
0.095509
0.062506
1.245657
0.033464
0.151062
0.226154
0.493033
0.246075
0.623235
0.322665
0.034102
0.161070
0.253180
0.004939
2.860762
0.030704
0.370791
0.259904
0.062046
0.511975
0.503488
0.790939
0.295976
0.078819
0.171483
0.261859
0.077688
0.007224
0.180899
0.394930
0.695725
0.324526
0.544737
0.552040
0.390658
1.290887
0.016430
0.092656
0.187747
0.682869
0.517349
0.238196
0.010209
0.021444
0.246174
0.008540
0.053537
1.217779
0.274351
0.123106
0.402909
0.029333
0.006368
0.000016
0.113337
0.180480
0.261886
0.212880
0.190877
0.621173
1.116615
0.035545
0.104591
0.406444
0.668004
0.656428
0.327719
0.733606
1.151817
0.789539
0.361021
0.393478
0.094864
0.382269
0.441855
0.412341
0.400797
0.582849
0.321300
1.818865
1.185102
0.013868
0.015573
1.257849
0.013884
0.132951
0.125634
0.285556
0.434003
0.387746
0.079144
0.320306
0.468432
0.204096
0.014949
0.211753
0.034192
0.356920
0.060906
1.693699
0.181257
0.495676
0.357671
0.323982
0.089191
0.051420
0.019639
0.627218
0.770943
0.359328
0.583100
0.589740
0.388207
0.634910
0.473059
0.418893
1.524605
0.897706
0.001219
0.380516
0.233774
0.080573
0.002932
1.997956
0.330807
0.017970
0.197902
0.399343
0.394324
0.291292
0.363129
0.947283
0.036539
0.013819
0.197639
0.133187
0.066758
0.227083
1.484171
1.209615
1.050293
0.506763
0.462629
0.270267
0.220169
0.121243
2.096370
0.184652
0.025261
2.184300
0.921317
0.274723
0.073186
0.940120
0.259043
0.483983
1.071714
0.656897
0.093301
0.279561
0.094823
0.579994
0.162800
0.139341
0.625478
0.463692
0.324152
0.912419
1.743949
0.277284
0.692680
0.938823
0.032398
0.217965
0.153679
0.271436
0.420433
0.143513
0.650439
0.481076
0.135143
0.421181
0.020755
0.233406
0.269573
0.294394
2.491586
0.177982
0.096915
0.089189
0.650594
0.214585
0.948173
0.002857
0.448452
0.414659
0.470945
0.035876
0.257425
0.433209
0.341516
0.082541
0.278081
0.407838
0.352117
0.587543
1.877137
0.038536
1.412700
0.609188
0.589001
0.097736
0.159826
0.659817
0.399872
0.586160
0.097866
0.392306
2.295374
0.218455
0.613924
0.632297
0.606877
0.407049
0.642490
0.174843
0.064266
0.202823
0.226536
0.370145
1.220915
0.980367
0.562273
0.207450
0.269702
0.099660
0.015643
0.250015
0.147111
1.779206
0.051447
1.468694
0.080713
0.232110
0.569347
0.601363
0.031858
0.974315
0.139414
0.026480
0.118812
1.501951
0.733164
1.229157
0.353997
0.339201
0.117552
0.494407
0.874426
0.426469
0.081852
0.671665
0.283772
0.874944
0.040940
0.948521
0.003472
0.057941
0.139510
0.151776
0.042199
0.208708
0.117106
0.130685
0.623489
1.097172
1.326997
0.744397
0.685406
0.094951
0.874172
1.580304
0.065833
0.452140
1.027944
0.498120
0.045915
0.042524
0.149687
1.225344
0.532643
0.263583
0.528913
0.046307
0.134548
0.657282
1.393894
0.139097
0.918884
0.100396
0.351255
1.274006
0.370298
0.624947
0.082300
0.134462
0.460693
0.042451
0.005103
0.213957
0.146755
0.904225
0.182449
0.237186
0.282165
0.097857
0.004247
0.365942
0.150070
0.155425
0.283490
1.230532
0.564897
0.044719
0.001558
1.219953
0.849034
1.419818
0.084613
0.536167
0.065893
0.539906
0.433220
0.520137
0.234047
0.657120
1.070405
1.861495
0.837574
1.115572
0.195759
0.034716
0.652241
0.496725
0.294215
0.087144
0.823716
0.301891
0.568070
0.034537
0.637263
0.059227
1.992227
0.253199
0.109864
2.083707
0.185654
0.007164
1.302256
0.313539
0.557396
0.025400
0.067446
0.144889
0.595650
0.346569
2.034106
0.432104
0.322973
0.793867
0.318581
0.804231
0.992753
0.111507
0.280628
0.183717
0.223020
0.135225
0.715125
0.019779
0.180991
0.328107
0.081550
0.167808
1.054023
0.213668
0.157089
0.104554
0.224693
0.108874
0.531443
0.017294
0.140653
0.758732
0.168134
1.418316
0.164758
0.156302
0.366976
0.706447
0.033108
2.366550
0.406378
1.307010
0.106038
2.129874
0.133450
0.400297
0.126053
2.649379
0.445462
0.373847
0.323313
0.673953
0.834716
0.219032
0.046042
0.042374
0.391983
0.298875
0.162123
0.110293
0.330776
0.369209
1.924135
0.733790
0.311352
0.150155
0.019359
2.052198
0.008051
0.053820
1.838492
0.424714
0.014616
0.090640
0.408465
0.152625
0.630687
0.759462
0.149245
0.182972
0.183793
0.662605
0.023900
0.063486
0.046589
0.072308
0.111883
0.500347
0.439255
0.324494
0.886941
0.035506
3.860703
0.827768
0.910284
0.310939
0.035438
1.043913
0.295805
0.044085
1.910468
0.273456
0.534628
0.003463
0.442231
0.121004
0.157330
0.181058
2.761078
0.375416
0.471134
0.180914
0.152095
0.534914
0.274818
0.216351
0.784096
0.488204
2.055935
0.235945
0.053105
0.840869
0.294147
0.052859
0.487702
0.166195
0.414353
0.587825
0.086484
0.005000
0.747558
0.073629
0.282128
0.283269
0.077643
0.009225
0.521301
0.267042
0.194362
0.515663
1.422101
1.346603
1.469344
0.114140
0.444908
0.230942
0.405228
0.239701
2.498621
0.387144
0.707397
0.049362
0.217641
0.112667
0.108040
1.862304
0.331350
0.708819
0.550196
0.515538
0.729788
0.292628
0.757759
0.110874
1.041925
1.289406
0.122415
0.370134
0.206192
0.387440
0.091049
0.164078
0.318929
0.060262
0.330676
0.031388
0.330291
0.019990
0.291423
0.323794
0.431564
0.110771
0.422801
1.337382
0.255802
0.724147
1.187332
1.081450
0.369851
0.426909
0.375797
0.171533
0.008700
0.184585
0.335978
1.116530
0.132522
0.612860
0.268768
0.422866
0.140979
0.436488
0.950249
0.631635
0.595098
0.203498
0.752804
0.098792
0.233839
0.124109
0.533530
1.515199
0.271096
0.128533
1.071853
0.854615
2.396457
0.779693
0.608704
0.361242
0.226238
0.132237
0.817031
0.239985
0.389442
0.174180
0.160102
0.743410
0.000305
0.585289
0.211306
0.141383
0.158800
0.108564
1.656263
1.720134
0.377006
0.676805
0.079634
1.166879
1.628606
0.812818
0.964728
0.239044
0.015176
0.668854
0.110964
0.010922
0.374634
1.166681
0.384003
1.109289
0.072756
0.208461
0.159026
0.564282
0.504044
0.395306
0.299293
0.504879
0.134754
0.792565
1.068523
0.354995
2.315318
0.934017
0.323413
0.366752
0.442477
0.488454
0.274823
0.397891
0.278208
0.162601
1.321156
0.304988
0.007644
0.068386
0.325277
0.390945
0.015674
0.007205
0.284312
0.090930
0.219434
0.612310
0.925070
2.318736
0.145553
0.173502
0.491764
0.335507
0.046209
0.354646
2.932093
0.040891
0.218154
0.320710
0.456030
1.413823
0.051007
0.010688
0.336299
0.370878
0.177459
0.271006
1.965069
0.188395
0.395108
0.306801
0.970362
0.430327
0.320191
0.171313
0.680113
0.880547
2.789941
0.441165
0.853143
0.143036
1.057552
0.293918
0.668944
1.715656
1.523304
0.663563
0.023642
0.182686
0.116734
0.517097
0.141785
0.182065
0.547764
0.666905
0.882819
1.667783
0.084181
0.828478
0.163105
0.603999
0.155908
0.072366
0.163086
0.675064
0.276555
0.010978
0.420750
0.273286
0.468118
0.245020
0.554120
0.334011
0.891508
0.261669
0.303424
0.767049
0.076705
0.347691
0.047381
0.215729
0.078680
0.205732
0.533032
0.833642
0.038359
0.331368
0.747266
0.129904
0.173959
0.027752
1.329669
0.412456
0.104582
0.116802
0.180141
0.475416
0.130709
1.025744
0.017632
0.909896
0.149779
0.609560
0.196683
0.047553
0.059375
0.757409
1.040016
0.146644
0.165134
1.683178
0.463970
0.278324
0.180345
0.150736
0.135979
0.236327
0.682917
0.006928
0.465011
0.019721
0.035079
0.383354
0.458648
0.148187
0.680870
1.166120
1.020386
1.821518
0.744448
1.175475
0.835039
0.016899
0.469820
0.073662
0.066170
0.638634
1.245291
3.469156
1.852412
0.110577
1.669322
0.433783
0.490787
0.155523
0.917225
0.995323
0.516377
0.439896
1.048408
0.143461
0.488826
1.449355
0.768303
0.126936
0.112446
0.376104
0.067985
0.037075
0.349083
1.158894
1.868824
0.188636
1.364699
0.440246
0.300062
0.030246
0.183091
0.229746
0.029731
0.165656
0.418280
0.011247
0.990421
0.106647
0.170938
0.605911
0.028536
1.355561
0.169472
1.348756
0.101038
1.211153
1.049956
1.718790
0.072797
0.041109
0.343119
0.152327
0.081494
3.472250
0.089642
0.067674
0.187934
0.052054
0.622414
0.723157
0.085732
0.009405
0.071334
0.121226
0.178804
0.601587
0.135603
0.088786
1.112078
0.374440
1.001407
1.471715
0.308688
0.082745
1.059892
0.515864
0.032966
0.708326
0.472689
0.111133
0.905180
0.057145
0.309873
2.163885
0.056605
0.491816
0.060176
0.272659
0.645350
0.872631
0.102226
1.070623
0.929058
0.191264
0.051454
0.078144
0.008891
0.204233
0.183641
1.201015
0.991827
0.094631
0.971691
0.195098
0.196486
0.667276
1.700881
0.246131
0.340806
0.431556
0.443433
0.200690
0.579424
0.025633
0.190928
0.787975
0.563542
0.281760
0.120102
0.256201
0.147991
0.254113
0.166644
0.052810
0.629924
0.240008
0.140465
0.661993
0.630371
0.401821
0.515561
0.432550
0.645012
0.346749
1.161734
0.025483
0.135182
1.015334
0.288524
0.656704
0.296112
0.013430
0.031844
0.071391
0.039779
0.238300
1.303511
0.698170
0.830120
0.075282
0.083289
0.034196
0.386329
0.287132
0.090964
0.146863
0.852167
0.264883
2.230392
0.382496
1.656077
0.499619
0.060324
0.582854
0.070791
0.007922
0.669680
0.230157
1.079122
0.097055
0.052687
0.201267
0.113410
0.088198
0.312216
0.163843
0.389159
0.247706
0.016215
0.215952
0.377999
0.102501
0.269642
0.035573
0.486741
0.437542
0.195185
0.290214
2.595204
0.186722
1.844510
1.584956
1.436586
0.046418
0.519640
0.039249
0.055118
0.242479
0.293862
2.248107
0.411299
0.393094
0.192997
0.721213
0.612318
0.767768
0.022006
0.141817
0.096392
0.038963
0.455261
0.611745
0.150770
0.007313
0.744657
1.070899
0.455270
0.051385
0.194966
0.448395
0.263229
0.176840
0.399383
0.217540
0.244334
0.109331
0.279556
0.337589
0.434565
1.030577
0.326755
0.076223
0.269883
0.804741
1.177156
0.065767
0.439339
1.479207
0.231182
0.713576
0.011668
1.719339
0.313499
0.166611
2.020297
0.137402
0.090728
0.433876
0.206204
0.335538
0.094509
0.687681
0.772629
0.640687
0.052702
0.095157
1.255120
0.375730
0.545672
0.346009
0.256260
0.077753
0.511980
0.852232
1.441443
0.394687
1.418342
0.376125
0.340580
0.186683
0.170333
0.363907
0.163891
0.702250
0.805783
0.151833
2.628544
1.696168
0.922577
0.202284
0.303679
0.007165
0.041684
0.138506
0.666989
0.099241
0.268290
0.532575
0.616098
0.041414
0.084067
0.057910
0.126485
0.793812
1.312045
0.091683
0.208865
1.015800
0.595744
0.902212
0.099507
2.097695
0.217293
0.308039
0.672472
0.082964
0.639771
0.662571
0.063498
0.414866
0.034659
0.427215
0.431448
0.079473
0.847579
0.188902
0.197993
0.131778
1.752586
0.017986
0.186385
0.066604
0.078149
0.382521
1.264784
0.037464
0.605702
0.151748
1.415659
0.254125
0.051126
0.064785
0.241757
0.298614
0.435502
0.065529
0.461353
0.180703
0.972694
0.639743
1.009222
1.288763
0.175698
0.294574
0.036821
0.059800
0.713214
0.253731
0.211110
0.654283
0.283972
0.532957
0.963825
0.431383
0.105529
0.745421
0.525193
1.115102
0.018635
0.447340
0.171912
0.071809
0.623769
0.560941
0.437870
0.174252
0.797687
0.102900
0.455106
0.530999
1.192029
0.312463
0.431699
0.114153
1.203414
0.523868
0.190516
0.553928
0.024200
0.541252
0.255019
0.327501
0.190513
0.146540
0.030175
0.353737
0.014639
0.616808
0.255085
0.033839
0.178355
0.586484
0.111084
0.006448
0.226976
0.763161
0.183414
0.088401
1.731598
1.175006
0.847196
1.045736
0.230487
0.250902
0.042024
0.163718
0.022411
0.253298
1.487617
0.047749
0.030252
0.214232
0.423894
0.235443
0.461316
0.497402
1.071356
0.498998
0.206975
0.165831
0.596716
0.509426
1.802689
1.131878
0.527495
0.206025
0.567701
1.595569
0.346337
0.521179
0.995741
0.189937
0.371035
0.132529
0.620000
0.463784
0.358790
0.702123
0.000972
0.309051
0.933870
0.031285
0.829117
0.269927
0.286532
0.265560
0.024265
0.192000
0.022204
0.244155
0.459570
0.674032
0.012827
0.426612
0.505710
0.565256
1.213341
0.189172
0.505311
0.265033
1.640148
0.346088
0.650033
0.333014
0.659042
0.288217
0.047563
0.140136
0.106937
0.048632
0.611161
0.019411
0.083226
0.361782
0.303708
0.445240
1.308872
0.349194
1.195213
1.761158
1.098891
0.356214
0.620191
1.228328
0.043601
0.213108
0.447523
2.667414
0.542399
0.129009
0.260954
0.489632
0.649018
0.071993
0.058642
0.307431
0.424551
0.112453
0.608201
0.723555
0.174136
0.263105
0.811839
0.296587
1.289429
0.149251
0.018836
0.952482
0.714988
1.453681
0.861979
0.524392
0.303419
0.380036
0.414959
0.386568
1.057605
0.084402
0.381373
0.389812
0.241236
1.408618
0.090662
0.058085
0.038618
0.161829
0.420779
0.519978
0.324959
0.159185
0.264902
0.739215
0.572580
0.120468
0.123868
0.465660
0.319499
0.148130
0.305451
0.132546
0.112689
0.163405
1.070663
0.534595
0.833394
0.295671
0.108550
0.586462
0.460328
0.652387
0.131957
2.083028
0.552812
0.253579
0.049448
0.679970
0.560887
0.544021
0.247028
0.082561
1.372812
0.807560
1.289923
0.480669
0.007679
0.077537
0.126534
0.334150
0.255458
0.570850
0.636992
0.460450
1.603271
0.461640
0.149576
0.736255
0.025227
0.302297
0.309196
0.526262
0.100734
0.590700
0.504520
0.953468
0.047676
0.653917
0.451674
0.724607
0.249382
2.088062
1.247207
0.199129
0.770365
0.921536
1.460592
0.807266
2.110573
0.092993
0.170146
0.243369
0.950027
0.004380
2.179603
0.830216
0.472742
0.141025
0.434458
0.540451
0.601100
0.021341
0.186733
1.068272
0.663890
1.469551
0.661009
0.874011
0.564559
0.198891
0.447175
0.035963
0.187590
0.355230
0.253676
0.051908
0.215585
0.210829
1.149425
0.204413
0.360524
0.104166
0.638168
0.226433
0.109566
0.615764
0.095665
0.825894
1.538668
0.702706
0.316500
0.529772
0.796089
0.758565
0.383207
0.379059
0.650510
0.156484
0.221066
0.259116
0.454309
1.482717
0.321064
1.202601
0.305364
1.026852
0.004199
0.823300
0.121535
1.192917
0.077081
0.653817
0.050491
0.996846
0.049214
0.173246
0.424272
0.155905
0.053308
0.373148
0.011436
0.422139
0.098778
0.854991
0.216001
0.626915
0.215841
0.040897
2.046682
0.615361
0.329823
0.434031
0.534110
1.570897
0.336661
0.060195
0.881690
0.344927
1.267389
0.022666
0.260723
0.032849
0.743300
0.348968
1.311364
1.010957
0.792919
0.345931
0.072789
1.133380
0.012781
0.086041
0.314134
0.114395
1.890952
0.849892
1.257234
0.198603
1.130795
1.163496
0.018188
0.238036
0.329515
0.588995
0.204417
1.799252
0.818733
0.089630
0.318370
0.647767
0.116869
1.049106
0.779932
2.016828
0.238787
0.631562
0.948190
0.096148
0.122048
2.112200
0.036979
0.138421
0.077425
0.385851
0.295593
0.064301
0.219292
0.227399
0.297539
0.144419
0.155875
0.331022
0.496651
0.694112
0.096979
1.679414
0.642081
2.004118
0.069249
0.107900
0.615643
0.206068
0.037053
0.344496
0.192873
0.299957
0.121131
0.093132
0.491854
0.282586
0.084394
0.597618
0.559759
0.177458
0.134033
0.063856
0.271884
0.446035
0.332102
1.012192
0.919616
0.699491
0.217031
0.318108
0.350221
0.375850
0.286291
0.128577
0.356951
0.416513
0.273101
0.123176
1.166699
0.338914
0.629868
0.126216
1.436073
1.339878
0.249644
0.421404
0.225616
0.397422
0.155215
0.018706
0.939037
0.348588
0.085165
0.155005
0.048368
0.513513
0.072215
1.353505
0.251331
0.333363
0.258734
1.144911
0.007581
0.915994
0.067032
0.372556
0.259742
0.395183
0.680648
0.184235
0.019684
0.308040
0.378895
2.009398
0.248266
1.290723
0.400952
0.702270
0.319978
0.852957
0.783286
0.192684
0.193128
1.476847
0.441379
0.266031
0.445535
0.637992
0.212225
2.095363
0.116254
0.692835
1.075276
0.125839
0.445493
0.004544
0.688814
2.641379
0.405254
0.338141
0.180577
0.450665
1.512459
0.899173
0.429006
0.209884
0.710988
0.068209
0.051194
0.131623
1.458602
1.097141
0.400641
0.154840
0.905210
0.074022
0.568042
0.277735
0.977551
0.012555
0.264718
0.034090
0.745030
0.174525
0.170128
0.226585
0.180980
0.018455
0.222606
0.979700
0.375104
0.543006
0.301678
0.326166
0.343451
0.014726
0.862904
0.147609
0.085124
1.258460
0.333815
0.054049
0.824749
0.019539
0.230050
0.516789
0.096750
0.024440
0.036536
0.017493
0.037632
0.328435
0.052840
0.939126
0.748437
0.246083
0.118832
0.041615
0.276636
0.422967
1.397765
1.525275
0.132819
0.248745
0.282673
0.654947
0.273199
0.146386
2.126618
0.430798
0.095036
0.320144
0.569675
1.980440
0.357884
0.024990
0.490711
0.580959
0.050716
0.594851
0.639159
0.092538
0.097531
0.862373
0.008117
1.532949
0.118166
0.129149
0.016907
0.504499
0.800928
1.790751
0.443467
0.016138
0.226366
0.010061
0.717559
0.768742
0.159916
0.688557
0.225172
0.296044
0.124586
0.021749
0.279118
0.657895
0.047879
0.027230
0.271375
0.103988
0.690538
0.075613
0.220597
1.301230
1.636772
0.233272
1.057211
0.094739
0.458731
1.218319
0.825195
0.254536
1.080160
0.252180
0.281681
0.143057
0.268952
0.106981
0.017245
0.585200
1.409338
0.252499
0.073430
0.087694
0.289069
0.415479
1.115630
0.377910
0.480346
0.186590
0.633186
0.227904
0.300563
0.038916
0.172637
0.267161
0.296844
0.093931
0.441600
0.024691
0.043769
0.250906
0.296315
1.729322
0.781936
1.051199
0.122535
0.115780
0.036531
0.144677
1.133908
0.005415
0.521701
0.016803
0.094155
0.045402
0.454925
0.033203
0.480093
0.120901
0.235568
0.204229
0.434766
0.878717
0.263991
1.031097
0.138171
0.975682
0.022549
0.880098
1.182774
0.068432
0.125872
0.217883
0.050706
0.006660
0.131376
0.188285
0.124190
0.179428
0.416253
0.061875
0.187200
0.119628
0.080934
0.330765
0.178046
0.686911
0.397244
1.243073
1.630502
1.287824
0.145240
0.390992
0.695972
0.542802
0.268352
2.470683
0.367216
0.307559
0.859750
0.277845
0.442560
0.022185
0.756054
0.575649
0.029150
0.005340
3.008641
0.161876
0.187091
0.413460
0.249588
0.489677
0.746701
0.390897
0.057361
0.038972
0.170737
0.534391
2.399019
0.144460
0.434309
0.139758
0.788558
0.201642
1.183041
0.117076
0.196323
0.277889
0.551583
0.078664
0.957637
0.147532
0.104730
0.500181
1.400826
0.140923
0.514837
1.381154
0.369261
1.550828
0.346033
1.233429
0.433122
0.160690
0.305843
0.582147
0.215266
0.686871
0.211126
0.208964
3.052916
1.294464
0.440270
0.783190
0.148379
0.338237
5.039977
0.435550
1.250320
0.551520
0.649300
0.736288
1.286250
1.238848
0.257852
0.993690
0.088174
0.023439
0.804219
0.575776
0.000411
0.177809
0.456901
0.434100
0.426789
0.029115
0.156090
1.288171
0.813317
0.474124
0.154309
0.807678
0.385533
0.951837
0.448710
0.790565
0.209711
0.448659
0.235616
0.150918
0.150875
0.054268
0.015852
0.101752
0.009549
0.284692
0.024112
0.099586
0.326889
0.938263
0.999187
0.327680
0.078993
0.311296
0.031490
0.636930
0.367000
0.199633
0.516691
0.195356
1.421673
1.202517
0.066540
0.326243
0.715055
0.631129
0.159763
0.054512
0.185042
0.523875
0.226146
0.421754
0.697420
0.251294
0.701080
0.737112
0.883525
0.807260
1.514482
0.184870
0.521910
0.846624
0.779921
0.790016
0.163923
0.951464
0.361063
0.803574
0.099260
0.086273
0.065605
0.064956
0.035328
0.142225
0.459493
0.882857
1.669922
1.038059
1.345788
0.160021
0.371020
0.175529
0.927935
0.161472
0.587360
0.455177
0.024085
0.367254
0.254274
3.308825
0.884054
0.023821
0.843004
0.482708
0.918032
0.049506
0.317481
0.219127
1.121265
0.525055
0.360072
0.008460
0.739046
0.435582
0.153500
0.233408
0.264216
0.129973
0.142236
0.209806
0.349370
0.737992
0.509099
0.212684
0.024297
0.200126
1.441999
0.049612
0.948919
0.209824
0.048875
0.568862
0.246531
1.192257
0.177358
0.130554
0.001069
0.731958
0.439306
1.131420
0.271307
0.051548
1.219332
0.105793
0.568929
0.097443
0.414717
0.047137
0.260420
0.833778
0.283402
1.197167
0.437021
0.037049
0.147345
0.497356
0.256471
0.111151
0.644820
0.144759
0.390496
0.851200
1.335581
1.338963
0.646622
0.130329
0.087830
0.650527
3.140188
0.684694
0.488686
0.269698
0.927978
0.384392
0.467737
0.370320
0.625000
0.093951
0.474870
0.063618
2.025542
0.023453
0.014323
0.416590
0.062352
0.166673
0.108770
0.365435
0.329668
1.263708
0.734589
0.012584
0.669494
0.603177
1.563469
0.311353
1.330842
0.062354
0.106142
1.317610
0.993824
0.843608
0.211710
0.613244
0.216462
1.526647
0.130599
0.033543
0.066252
0.925848
0.101890
0.056415
1.098446
0.119509
0.557420
0.003056
0.342667
1.010726
0.371803
1.928844
0.774811
0.174416
0.001872
0.372811
2.669853
1.608003
2.258150
1.297621
0.040134
0.099430
0.960942
1.407648
2.680317
0.110863
0.520350
0.212853
0.082238
1.046419
0.265155
0.161319
0.635935
0.453091
0.241007
0.468942
0.826526
0.028017
0.476787
0.181644
1.275718
0.074971
0.166686
0.618424
0.284343
0.169301
0.134112
0.280125
0.141924
0.127016
0.218714
0.195965
0.259319
0.116581
0.153508
0.255389
0.261146
1.210426
0.686518
0.408792
0.775154
0.086130
0.898687
0.354141
0.701571
0.122137
0.061680
0.413581
0.158192
0.655953
1.009927
0.107372
1.019862
0.081743
1.166284
0.180963
0.288176
0.074376
0.659504
0.577867
0.225140
0.045458
0.004733
0.728831
0.174693
0.159954
0.091476
0.604861
0.102245
1.225864
0.150703
1.801447
0.037413
0.049628
0.327219
0.875133
0.186414
0.453567
0.246316
0.436661
0.198016
0.148065
0.747362
0.109669
0.261391
0.567601
0.347190
0.932765
0.848752
0.132774
0.377893
0.098866
0.192919
0.388027
1.465260
0.477255
0.839836
0.060419
0.190425
3.251993
0.014034
0.430123
1.774694
0.052555
0.556505
0.300305
1.302156
2.027026
0.024513
0.189190
0.416303
0.234889
0.423545
0.208345
0.424092
1.919160
0.009805
0.037590
0.867659
0.904794
0.182381
0.218490
0.007907
0.491427
1.121198
1.639307
0.137717
0.614408
0.039599
0.407632
0.611856
0.054807
0.072177
0.565239
0.113823
0.819564
0.068853
0.069424
0.776763
0.097089
0.294097
0.218157
0.400753
0.008070
0.592674
0.065713
2.599680
0.625495
0.108816
0.852248
0.399317
0.347793
0.094462
0.417063
0.067896
0.034111
0.375457
0.229223
0.742083
0.463433
1.296546
0.326168
0.615548
0.030742
0.084975
1.213063
1.003029
0.167693
0.021068
0.530631
0.309416
0.332700
0.003797
0.006428
0.348519
0.605207
0.073050
0.343008
0.268674
0.201366
0.188845
1.687201
0.894060
0.333455
0.379117
1.605723
0.402213
0.030710
0.198329
0.197236
0.544995
0.145609
0.817728
0.232454
0.187186
1.627640
0.166639
0.097862
0.141426
0.196292
0.891127
0.615151
0.832006
0.914130
0.637501
0.187393
0.389607
0.970707
0.827701
1.572553
0.104132
0.065933
1.280025
0.010475
0.471125
0.302757
1.966998
0.088909
0.360546
0.183991
0.335566
0.097739
0.411079
0.174074
0.398550
1.030983
0.147478
0.894269
0.025940
0.348381
0.085683
1.069800
0.117608
1.722710
0.639358
1.330844
0.164719
0.152474
0.772455
0.046967
0.124087
1.838004
0.119890
0.076853
2.691843
0.867072
0.454014
1.861607
2.147172
0.058525
0.166838
0.322392
0.169852
0.929694
0.733168
0.908186
0.631204
0.012488
0.554606
0.729615
0.373772
0.879165
0.524744
0.666039
0.794269
0.232200
0.548669
0.039764
0.503007
0.301571
0.090824
0.962426
0.278947
0.238457
2.838730
0.274953
0.113295
0.449789
0.254447
0.104810
0.608224
0.573723
0.545816
2.398054
0.374104
0.284194
0.883407
0.139734
0.306456
0.345879
0.005732
2.089970
0.197984
0.541294
0.637864
0.065481
0.016660
0.244706
0.111070
0.549952
0.916053
0.227303
0.368236
0.155653
0.682473
0.364675
0.586408
1.472125
0.058850
0.046796
0.073361
0.843040
0.738983
0.806716
0.821223
0.177399
0.133521
0.504776
0.390988
0.589784
0.072468
0.403604
0.565499
0.309850
0.121150
0.253800
0.439308
0.142477
0.768732
0.765867
1.232832
0.490413
0.080755
0.286570
1.115174
1.120967
1.539826
0.437352
0.919758
0.033637
0.557920
1.898706
1.059370
0.293726
0.753369
0.579677
0.679230
0.006405
0.194251
0.168046
0.610926
0.305186
0.914233
0.241123
1.255085
0.028031
0.758580
0.349974
0.180105
0.417057
0.169297
0.122642
0.105817
0.286678
0.530320
0.043459
0.200326
0.467979
0.548701
0.093902
0.558671
0.206716
0.080550
0.402228
0.763657
1.309757
0.136548
0.373090
1.405786
0.411524
0.833713
0.518108
0.008959
0.525781
0.014102
1.378396
0.610608
0.826373
0.289814
0.003814
0.234376
0.649364
0.127522
0.416155
0.089259
1.055500
0.522354
0.340221
0.333422
0.188780
0.546558
0.086894
0.529347
0.839991
0.622734
0.286327
0.675048
1.509744
1.632445
0.570772
0.358804
0.741550
0.197173
0.377343
0.275542
0.218238
0.314004
0.068944
0.088468
1.183507
0.073324
0.384350
0.501689
0.224333
0.053426
0.796910
0.137484
0.692242
0.171568
0.649283
0.033078
1.553761
1.088427
0.631343
0.732476
0.456643
0.083075
0.356365
0.399220
0.061016
0.105589
0.032030
1.094386
0.363093
0.448114
0.186708
1.019879
0.030002
0.290288
0.016317
1.668826
0.429986
0.420234
0.455454
1.393111
0.554078
0.251009
0.098464
0.271829
0.577832
1.181309
0.330239
0.511437
0.786141
0.111886
0.263267
0.248153
0.218155
1.256942
1.416764
0.315990
0.057939
0.001626
0.220345
0.491303
0.452108
0.551352
0.342199
0.529764
0.057398
0.375084
0.480985
0.578032
0.050576
0.121483
0.488583
0.726296
0.471310
0.810688
0.102539
0.175166
0.615844
0.552535
1.374322
0.347203
1.017480
0.211817
1.112137
0.126091
0.153523
0.895028
0.587787
0.234042
0.904849
0.024472
3.767230
0.282322
0.629026
0.341669
0.044316
0.869331
0.011524
0.606471
0.356188
0.063342
1.252840
0.071442
1.081520
0.376209
1.370698
0.036523
0.869543
0.516019
0.672104
0.714193
0.077946
0.468972
0.055824
0.018437
0.890306
0.231037
1.017243
0.369934
0.680945
0.611321
0.422669
0.679903
0.073662
0.168703
0.136141
0.125388
0.058619
0.151327
1.291693
0.483986
0.239125
0.925315
0.699779
0.154050
0.232318
0.583681
0.204435
0.109050
0.202133
0.038901
1.564741
0.323974
0.575092
0.031950
0.359833
0.361686
0.282751
0.240907
0.019219
0.096640
0.045995
0.468626
1.256888
0.127363
1.125370
0.085631
0.295905
0.002659
0.271110
0.231937
0.491018
0.801421
0.120412
0.238008
0.032981
0.440528
0.034975
0.254941
0.760737
0.255490
0.321500
0.669457
1.047685
0.085815
0.804145
0.247198
0.558279
0.131784
0.740079
0.619462
0.261655
0.984074
0.191804
0.197620
0.044501
0.119942
0.330709
0.379464
0.123325
1.163565
1.166466
0.929070
0.603825
0.062220
0.126018
0.723947
0.606446
0.171487
0.089784
0.331090
0.586295
0.508962
0.125607
0.418984
0.795712
0.011079
1.578795
0.316458
0.146253
0.654426
0.098777
0.540955
0.445988
0.344444
2.192380
0.562444
0.620918
0.318776
0.116056
1.327719
0.234074
0.058341
0.743100
0.038949
0.128829
2.835090
0.915903
1.328234
0.169064
0.002127
0.267284
1.893391
0.514871
0.505605
0.393446
0.289254
0.536670
0.348793
1.194206
1.213756
0.132038
0.045777
0.425247
0.863660
0.440166
0.410866
0.344131
0.175845
0.016130
0.609872
0.128242
0.260088
0.843230
0.000001
0.327468
0.021436
2.835435
0.193126
1.783705
0.166654
0.196259
0.243757
0.151081
1.713971
0.011159
0.818726
0.261122
0.570039
0.183897
0.189195
0.448182
0.388074
0.257521
0.090010
0.224759
2.206421
0.645631
0.981684
0.167303
0.706979
0.415411
0.357301
0.088611
0.238321
0.357304
0.514913
0.273315
0.353797
1.652920
0.249509
0.781807
0.169823
0.754169
0.026386
0.147537
0.806706
0.972208
0.542851
0.327925
0.089964
1.894269
0.037873
0.609532
0.238934
0.135704
0.034438
0.229255
1.645326
1.303014
0.528001
0.635754
0.337145
0.088828
1.068525
1.018640
0.559487
0.372145
0.171752
0.099565
0.334969
0.575362
1.773312
0.748584
0.310241
0.011421
0.016138
0.152657
1.058102
0.592242
0.681498
0.022593
0.556559
0.849286
0.690503
0.026365
0.028153
0.844327
0.271622
0.008838
0.676246
0.036982
0.668013
0.131909
0.133329
0.482621
0.053516
1.190001
0.077764
0.248974
0.046061
0.500241
0.039422
0.030504
0.262576
0.386237
0.042652
0.290173
0.807826
1.625679
0.072161
0.394109
0.002737
0.819585
0.225023
0.701483
0.973233
0.269913
0.421247
0.161731
0.285173
0.186090
0.213592
0.094239
0.391160
0.435803
0.782450
0.516638
0.335859
1.366137
0.018531
0.430400
0.418770
0.059504
0.505796
1.859906
0.525384
0.633149
0.268976
0.300347
0.568789
0.399753
2.890609
0.577376
0.220267
0.222609
0.289015
0.120100
0.749097
0.004199
0.336566
0.118581
0.192194
0.908684
0.241377
0.989490
0.271733
0.095465
0.352560
1.195368
0.057559
0.390808
0.332390
0.563452
0.531431
0.065040
0.527383
0.181824
0.916606
0.035095
0.706184
0.366471
0.481472
0.699891
0.114311
1.835328
0.059766
0.515527
0.104171
1.099704
0.527392
0.566542
0.052829
1.767910
0.362328
0.330036
0.893849
1.364968
0.535006
0.206702
0.926438
0.725649
1.064062
0.199365
0.291429
0.383368
0.299648
0.049041
0.917349
0.171881
0.087897
0.454127
0.831444
0.755796
0.215485
0.007445
0.701174
0.310680
0.536691
1.424103
0.216869
0.185446
0.483810
0.300909
0.164771
0.072815
1.369552
0.060182
0.036446
0.448695
0.300746
1.223881
0.221663
0.202442
0.138761
0.804221
1.014070
0.590687
1.118520
0.616801
2.069026
0.027986
0.182304
0.791046
0.897511
0.533051
0.828359
0.443193
0.063030
0.314979
0.377415
0.317775
0.750890
0.081214
1.279006
0.029882
0.168048
0.975658
0.094018
0.219830
0.299174
0.488314
0.156847
0.826127
1.565981
0.358308
0.468480
0.870879
0.114544
0.347985
0.381298
0.104613
0.405790
0.913414
2.044467
0.246919
0.341330
0.786261
1.898853
0.474881
0.150461
0.354118
0.043609
0.018919
0.535611
0.003041
0.049990
1.431090
0.997467
0.155004
0.177338
0.188627
1.103549
0.419500
0.065419
0.936533
0.041395
0.656193
0.556056
0.167175
0.132134
0.114507
0.320262
0.775764
0.022373
0.304612
0.097883
0.386623
0.142979
0.084431
0.082234
0.355218
0.543631
0.134055
0.394500
0.193031
0.138036
0.512001
0.152670
0.055588
1.189755
0.412458
0.271912
0.798223
0.069393
0.390570
0.516037
0.117254
0.159373
0.189073
0.339856
0.351772
0.366517
1.693963
0.173538
0.414266
0.274479
0.318425
0.053680
0.556083
0.492309
0.146148
0.099057
0.170738
0.335330
0.646266
0.470229
0.654426
0.228067
1.030523
0.901173
0.159879
0.284940
0.146894
0.036855
0.415048
0.796490
0.627268
0.741475
0.036082
0.015055
0.154807
0.427589
0.398380
0.132303
1.012631
0.059686
0.532018
0.207065
0.120603
0.197332
1.683432
0.315342
0.352426
0.147039
1.566360
0.131491
0.998776
0.579613
0.455048
0.667824
0.368403
1.024705
0.094021
0.747886
1.425801
0.664790
0.425024
0.535071
0.355090
0.513928
0.580299
0.745194
0.122324
0.134537
0.003616
0.044448
0.214190
0.542571
0.275949
0.413633
2.221540
0.246859
0.015502
0.340667
0.517015
2.168705
0.646043
0.355413
0.559205
0.194907
0.141031
0.108183
0.107840
0.269950
1.761421
0.073238
0.082794
0.391635
0.788230
0.540950
0.102478
0.326959
0.286141
0.257364
0.629232
0.292568
0.334126
0.033255
0.055531
1.212608
0.493226
0.049003
0.179187
0.535934
0.442657
1.455846
0.517201
0.187506
0.302914
0.191188
0.504663
0.602239
0.359050
0.884632
0.062410
0.329669
1.687705
0.157321
0.013119
0.711667
1.336813
0.118630
0.136618
0.228455
0.475376
1.550508
0.829663
0.053206
0.009766
1.231665
0.006283
0.519859
0.004120
0.188202
0.181258
0.452702
0.150074
1.484436
1.194834
0.625304
0.154896
0.392494
0.267065
0.754170
0.233737
0.378753
0.151587
0.207162
0.807514
0.169436
0.051738
0.658595
0.345216
0.205784
0.052056
0.059499
0.172929
1.196300
0.119850
0.186787
0.867096
0.127849
1.587132
0.890894
0.387503
0.152077
0.278683
0.801209
0.118426
0.204454
0.358987
0.324366
1.058051
1.302395
0.147867
0.145789
0.305550
0.364434
0.448402
0.149447
0.817304
0.586289
2.326905
0.180924
0.014108
0.046798
0.268758
0.192985
3.097022
0.495695
0.499752
0.861347
0.964007
0.445937
0.529329
0.250324
0.956508
0.041888
0.106877
0.032673
0.268917
0.609906
0.388861
0.175124
0.498202
0.796202
0.397483
0.046081
0.188518
0.075721
0.212633
0.063394
0.888824
0.205399
0.274690
0.978742
0.277763
0.911607
0.098613
0.275987
0.315024
0.832827
0.140918
0.194302
0.256285
1.144745
0.629143
0.146120
1.932694
1.194688
0.190387
0.251290
0.474701
0.973214
0.586431
0.139740
0.530341
0.136511
0.201633
1.719284
0.238579
0.567020
0.045493
0.118128
0.007632
0.356329
0.035859
0.291141
0.213975
0.142644
1.003337
0.845294
0.030478
0.058924
0.074010
0.308261
0.004949
0.960177
0.625170
2.250195
0.717235
0.015364
0.242196
0.234830
1.092300
0.038682
0.481964
0.389634
0.187981
1.502626
0.355806
0.590173
0.495431
0.453315
1.167802
0.516260
0.055901
1.795977
0.044562
0.302507
0.124653
1.506273
0.157028
0.164109
0.032004
0.261371
0.673489
0.037282
0.150926
0.302173
0.031335
0.011282
0.330658
0.294101
0.252999
0.232055
0.366072
0.007915
1.218421
0.893370
1.693332
0.273841
0.372559
0.451838
0.008994
0.279807
0.136438
0.065969
0.256268
0.195842
0.430829
0.486013
0.160734
0.938859
1.158738
0.205428
0.146628
0.512848
0.262775
0.361517
0.049922
0.316983
0.385050
0.432383
1.227822
1.360032
1.499420
0.283976
1.496214
0.992861
0.154494
1.238548
0.167338
0.783027
0.357630
0.179952
0.124040
0.692644
0.277443
0.484751
0.038349
0.001704
0.138808
0.214427
0.950105
0.077678
0.578645
0.055260
0.769359
0.049597
0.482942
1.061655
0.414998
0.085030
0.307367
0.325179
0.047439
0.263283
1.212130
0.020594
0.158788
0.097562
1.565934
0.406549
1.727282
0.314897
0.978700
0.104190
0.122341
0.167483
0.827295
0.171863
0.169866
0.026301
0.510302
0.074541
0.108539
0.196733
0.139284
1.968062
0.272120
0.992017
0.986071
2.057265
0.009527
0.192873
0.309769
0.057924
0.653605
0.233615
0.081106
0.000758
0.399843
0.056083
0.408260
0.365870
0.425957
0.269619
0.613843
0.781395
0.604400
0.362691
0.042412
2.277411
0.418627
0.638180
0.068474
0.718236
0.023668
0.231906
0.678778
0.313634
0.133029
0.462606
0.298571
0.145496
1.285943
1.211954
0.224605
0.529265
0.167519
0.358318
0.531453
0.901569
0.480789
0.119498
0.218592
0.106048
0.496302
0.031565
1.996678
0.200862
0.430237
0.032477
0.193065
0.077825
0.765862
0.297378
1.184234
0.886188
0.855794
0.523608
0.175505
0.027242
0.145604
0.684504
0.182285
0.096943
0.535109
0.550364
0.883873
1.421548
0.098603
0.330661
0.750233
0.796510
0.596045
0.070276
2.203248
0.197117
0.106783
1.742796
0.534485
0.733404
0.016392
1.885169
1.223693
0.846655
0.276918
0.857000
0.519457
0.140307
0.316443
1.425248
0.176702
0.639317
0.582096
0.462174
1.140561
0.211477
0.157754
0.649349
0.168889
0.298519
0.118460
0.032867
0.141347
1.189511
0.108296
0.133320
0.132740
0.244730
0.113711
1.102729
0.085028
0.134377
1.007786
0.036212
0.026573
0.172666
1.102362
0.598532
0.384684
0.222100
0.510971
0.899091
0.041824
0.198696
0.287780
1.910073
0.558624
0.615830
0.610709
1.602826
0.085841
1.239264
0.011679
0.258759
0.867195
0.122842
0.508129
0.029161
0.464274
0.920903
1.463612
0.716179
0.040138
0.838886
0.889276
0.068997
0.055591
0.637979
0.876704
0.513498
0.041419
0.314544
0.323437
0.087024
0.792011
1.226298
0.074145
0.315249
0.486593
0.925779
0.278557
0.756779
0.711772
0.299126
0.101595
0.436895
0.551398
0.862788
0.509838
0.159367
0.544428
0.440634
0.017392
0.674570
0.254541
1.002366
1.017936
0.350769
0.441114
0.595776
0.078969
0.547767
0.089069
0.486981
0.872580
1.585332
0.384309
1.651161
0.277299
0.086266
0.820490
0.958110
1.393089
0.416608
0.180532
0.065180
0.080075
1.772377
1.442541
0.773872
0.139894
0.467671
0.233416
0.163032
0.213921
0.739134
0.077477
0.122643
0.161582
0.654084
1.225365
0.274300
0.251531
0.040032
0.022843
0.124684
0.017796
0.434947
0.101615
0.308708
0.672525
2.308609
0.188075
0.566318
0.405370
0.479296
0.804811
0.607779
0.442992
0.681654
0.337387
0.891143
0.216728
0.996607
0.058260
0.601688
0.504904
0.146202
1.246506
1.214393
2.043717
0.889250
0.203306
0.237843
1.193258
0.238016
0.457208
1.432499
1.606454
0.764295
0.258489
0.600711
0.742017
0.631475
0.236645
0.199306
0.203044
0.097453
0.016368
1.271948
1.270894
0.370049
0.699562
0.159421
0.244431
0.994527
1.802829
0.011321
0.062050
1.104410
1.360901
0.052639
0.638771
0.156221
0.325492
0.496220
0.520783
0.040451
0.424720
0.466793
0.986193
1.865392
0.182708
0.502771
0.590792
0.574653
1.647117
0.013663
0.983881
2.660143
1.482081
0.760497
0.364949
0.604632
0.028029
1.175460
0.415927
0.013863
1.309375
0.572014
1.247571
0.987901
0.760238
0.509153
0.069454
0.150458
0.156071
0.749821
0.205925
0.917757
0.241969
0.110605
0.847755
0.585174
0.893702
0.356371
0.233312
0.793616
0.384645
0.132709
0.781797
0.331847
0.007364
0.184562
0.103289
0.035821
0.120004
0.695947
0.050729
0.075693
0.283577
0.007048
0.000918
0.120561
0.528913
0.070509
0.321335
1.268600
1.194705
0.834833
0.716443
0.172631
0.005097
0.431227
2.000596
0.924952
0.045826
0.218935
0.508410
0.489396
0.443009
0.280073
0.057868
0.461062
0.668818
0.175436
0.556551
1.507080
0.024240
0.730386
0.047924
0.327141
0.761490
0.048934
0.592804
0.285225
0.127290
0.092294
0.219750
0.071401
1.962141
0.062228
0.276727
2.322247
0.593554
0.261066
0.895280
0.762720
0.716349
0.318752
0.261036
0.214655
1.152618
0.362834
1.511734
0.507779
0.835458
0.487529
0.444231
0.980377
0.247782
0.569889
0.207328
0.094801
0.742155
0.017230
0.467533
3.132772
0.113090
1.649519
0.070306
0.100856
0.041747
0.406205
0.095009
0.745830
1.647851
0.003104
0.407630
0.644210
0.324640
1.664697
0.038082
0.237282
0.327140
0.012507
0.007883
0.172733
0.521399
0.463619
0.082058
0.019529
0.167362
0.337447
0.118505
0.029772
0.371865
0.853129
0.028765
0.649304
0.760570
0.103561
1.202630
0.988951
0.679907
0.043222
0.506183
0.612513
0.046607
0.107909
0.281536
0.418025
0.086168
0.350468
1.445001
0.508728
0.376005
1.610272
1.333903
0.096862
0.415541
0.042753
0.120666
0.944863
0.425184
0.277072
1.185930
0.051241
0.139785
1.643023
0.870038
0.012879
0.081070
0.662602
1.090493
1.117320
0.849311
0.370866
0.457170
1.182583
0.632622
0.015107
0.319942
1.044272
0.381400
0.269845
0.361411
0.032122
0.236715
0.294587
0.136126
1.419871
0.374507
0.301432
0.781387
0.052630
1.052661
0.597241
0.109896
0.065103
0.539019
0.011024
0.079799
0.828829
0.705414
0.017598
0.605977
0.425630
0.408557
0.179484
0.326185
0.161568
0.201259
1.516576
0.082589
1.001268
0.230151
0.549622
1.310233
0.685298
0.059444
0.090503
0.581742
0.509798
0.481596
0.325092
0.671942
0.343106
0.096300
1.378233
0.481961
0.900682
1.588528
0.726473
0.516892
0.626495
0.806481
0.212880
0.169469
0.222362
0.522531
0.727636
0.504100
1.948468
0.633811
0.774130
0.931210
0.045733
0.302806
0.739061
0.896234
0.417761
1.386326
0.368085
0.115091
0.405775
3.509454
1.448222
0.026886
0.095758
1.065430
0.555784
0.004632
0.914907
0.287306
0.530026
0.403614
0.135760
0.000144
0.920625
0.454136
0.522941
0.468303
0.131920
0.494853
0.197666
0.009737
0.320294
0.267176
0.320796
0.140487
0.142112
0.020358
0.100726
0.731496
0.140856
0.670254
0.729568
0.105539
0.781848
1.422424
0.037122
0.309573
1.508759
1.210183
1.144701
0.463979
0.312761
0.073354
0.464344
0.182929
0.660689
0.146211
1.229287
1.678161
1.067947
0.137868
2.080983
0.219159
0.532016
0.306216
0.457935
1.163133
0.344445
0.762291
0.555542
0.680070
0.367585
0.288448
1.356517
0.186413
0.239193
0.002616
0.740986
0.201206
1.240437
0.556585
1.373927
0.240106
0.824966
0.389203
0.581971
0.389538
0.790936
0.460891
0.352920
0.563924
0.926320
0.337388
0.015823
0.344692
1.485020
0.498455
0.255793
0.295806
0.266595
0.036960
0.105324
1.357882
0.356281
0.065969
0.140559
1.102871
0.068956
0.009016
0.124953
0.023103
0.584552
0.085430
0.278001
0.343873
0.598539
0.060660
0.019611
0.338966
0.630165
0.393475
0.092325
0.410055
0.018072
0.111419
0.029733
2.073788
0.888152
0.306418
0.281729
0.139862
0.376917
0.484718
0.097918
0.019919
0.681891
0.274882
1.321735
1.032306
0.290610
0.081267
1.252269
0.069711
0.183416
0.211399
0.493668
0.002505
0.307203
0.548148
0.343913
0.096475
0.118281
0.548213
0.664191
0.141288
1.003813
0.787099
0.130915
0.596072
0.144517
0.541056
1.410368
0.758097
0.165520
0.062947
0.856037
0.013240
0.389575
0.689947
1.147630
2.008393
1.143390
0.850643
0.059464
0.115009
0.088572
0.672693
0.118164
0.485609
0.259979
0.615176
0.796920
0.478709
0.234001
0.379590
0.991260
0.136850
0.196356
0.048606
1.373425
0.428763
0.700720
1.044982
0.220218
0.018115
2.610631
0.096643
0.031850
0.383724
1.289484
1.621827
0.364691
0.864547
0.753735
0.497021
0.014218
1.414012
0.230607
0.136241
0.413052
0.745688
1.462389
0.222445
0.248013
0.192883
1.108455
0.146068
0.409935
0.121565
0.212300
0.341976
0.784198
0.052529
0.232361
0.080005
0.072691
0.228081
0.195499
0.109715
1.161871
0.142354
0.085989
0.272266
0.036458
1.378611
0.025546
0.051768
1.049425
0.271753
0.205392
0.289598
0.107978
0.166474
0.801619
0.440079
0.462241
0.585286
0.911983
0.088831
1.180328
0.102029
0.536700
0.597445
0.167255
0.015150
0.932577
0.272036
0.252202
0.092410
0.479394
0.177074
0.269365
0.745039
0.633128
0.333576
0.620971
0.730345
0.439965
0.444070
0.103645
1.275890
0.014319
0.240184
0.114864
0.877195
1.701510
0.826469
0.363660
0.818258
1.775216
0.274471
2.298965
0.496375
0.063747
0.160267
0.538361
1.673777
0.591855
0.028510
0.071690
0.185896
0.218209
0.399350
0.044496
0.037237
0.018809
0.795612
0.915328
0.486572
0.242988
0.013638
0.392811
0.266480
0.262421
0.691977
0.137299
0.235065
0.408141
0.707182
0.099483
0.376677
0.098835
0.093375
0.086379
0.177667
0.294023
0.851731
0.153189
0.074509
1.033251
0.253306
0.297964
0.128754
1.473978
0.381888
0.177476
2.082558
0.200552
0.074531
0.466437
0.628201
0.090396
0.081697
0.068746
0.426357
1.152078
0.229892
1.486228
0.306322
0.067051
0.069197
2.183055
0.181820
0.178047
0.078888
0.463070
0.681644
1.660814
1.011762
1.071207
0.907856
0.154131
0.201418
0.033232
0.119656
1.003741
0.225568
0.109889
0.109136
0.348156
0.814519
1.211906
0.549763
1.546397
0.020346
0.137689
0.964760
0.262509
0.105075
0.187613
0.381736
0.191936
0.178456
0.912598
0.481659
0.295407
0.292356
0.225146
0.263842
0.185927
0.140642
0.142050
0.428802
0.429912
0.186701
0.777129
0.292090
0.561514
2.132814
0.508789
0.096966
0.779940
0.399195
0.926575
0.682196
0.445582
0.043854
0.457204
3.181854
0.159765
1.215848
0.379891
0.448601
0.119305
0.231848
0.118283
0.537060
0.840413
0.425748
0.035443
0.066380
0.853002
0.189709
0.602234
0.251407
0.493559
0.335500
0.908881
0.179809
0.321950
0.323267
0.325373
0.153669
0.013217
0.194010
0.004552
0.478440
0.260079
0.468640
0.476202
0.568285
0.367423
0.079158
0.158297
0.659689
0.364351
0.328929
0.248051
0.201169
0.028425
0.307661
0.304009
1.034446
0.746434
0.084635
0.156567
0.257604
0.517146
0.056282
0.609850
0.063509
0.436856
0.101073
0.242157
0.469127
0.351221
0.249566
0.127188
1.205078
0.000626
0.912516
0.444923
0.368729
2.106799
0.985400
0.146763
0.349253
0.209803
0.518483
0.897635
0.253715
0.055468
0.170885
0.158475
1.061286
0.294581
0.388788
0.166270
0.047007
0.520561
2.194299
0.117237
0.130385
0.093530
0.449340
0.910796
0.562323
2.128524
0.032446
0.440258
2.174768
1.159456
0.096012
0.355410
1.089416
0.018004
0.720121
0.246737
0.237457
0.262632
0.126425
0.748101
0.360366
0.359648
0.024414
0.250340
1.586384
0.443531
0.564714
0.024513
0.133990
0.545863
0.148432
0.312389
0.900814
0.947722
0.180378
0.356882
0.902679
0.227603
0.050260
0.864876
0.155511
0.157592
0.201307
0.083694
0.182435
0.049667
0.392223
0.575649
0.349744
0.728452
0.307903
0.008453
0.164216
0.354079
0.264364
0.135944
0.050233
0.045744
0.168369
0.200733
0.696742
0.391272
0.793061
0.441865
0.249207
0.051644
0.050996
0.129445
0.311640
0.106966
0.026048
0.656744
0.310825
0.240790
1.082493
0.731923
0.323851
0.280074
0.301132
1.953850
0.109028
1.216484
2.853589
0.323006
0.272082
0.261553
0.625756
0.362069
0.341352
4.345368
0.935143
0.141541
0.391088
0.512498
0.895788
1.367438
0.672261
1.331535
0.089079
0.113546
0.065546
0.120369
1.361115
0.440710
0.453351
0.856069
0.218835
0.037846
0.142773
0.822248
0.027129
0.293778
0.634904
0.025378
1.264013
0.074707
0.305152
0.502714
0.530724
1.513765
0.502484
0.346540
0.110390
0.097117
0.076091
0.015957
0.059185
1.062237
1.630833
0.160669
0.043682
0.044164
0.335472
0.009046
0.554853
0.044372
0.908383
0.012559
0.085880
0.044878
0.890991
0.118261
0.377683
0.400155
0.150635
0.299233
0.584943
0.631040
0.044119
0.210525
0.552064
0.633636
0.927699
1.007228
1.126591
2.092499
1.141471
0.003295
1.002286
0.981957
0.165218
1.487367
1.443263
0.735196
1.703626
0.476704
0.965803
0.815630
0.509966
0.006494
1.104379
0.318455
0.126502
0.272644
0.011064
0.330492
1.022695
0.621501
0.111942
1.551964
0.028352
1.016634
0.559706
1.145012
0.665335
0.420202
1.074991
0.502173
0.427871
0.690744
0.340025
0.970439
0.598225
0.287805
0.492535
0.546220
0.026813
0.328573
0.316421
0.588168
0.341178
0.222428
0.088768
0.633120
0.755720
0.102011
0.112677
0.525022
1.131867
0.257383
0.464695
1.509655
0.158351
0.163373
0.948230
0.003589
0.939305
0.661030
0.512034
0.274290
0.329093
0.072095
0.163317
0.099192
0.424217
1.178196
0.930708
0.489254
0.244622
0.188051
0.189695
1.066357
0.558211
0.325419
0.457639
0.300702
0.543756
0.808136
0.053813
0.409338
0.113903
0.614204
0.356828
0.322344
2.133464
0.223183
0.329205
0.895399
0.049063
0.065735
0.147456
0.428629
0.148847
0.381844
0.704517
0.884179
0.289279
0.458356
0.302125
0.874934
1.224593
0.733182
0.614966
0.441170
0.142262
0.183567
0.019446
1.207175
0.057506
0.075517
0.317024
0.187250
0.940041
1.948793
0.774502
0.896073
0.207576
0.157264
0.549162
0.283897
0.249665
1.275353
0.004471
0.525675
0.304429
0.723069
0.326888
1.128431
0.226822
1.354800
0.639213
0.163092
0.606463
0.280369
0.999442
1.500896
0.666842
1.164764
0.986197
0.932616
0.021892
0.200564
0.085694
1.104828
0.185637
1.450635
0.643060
0.524776
0.120981
0.247337
0.043395
0.468216
0.187131
0.048273
0.149547
0.731008
0.970899
0.670530
0.544657
0.125029
0.557170
0.243130
0.346146
0.234636
0.841785
0.226345
0.196406
0.400127
0.155130
0.102726
0.252028
0.185230
0.362997
0.403081
0.111475
0.875218
0.345054
1.285258
0.323329
0.624819
0.188245
0.409738
0.193838
0.491666
0.526871
0.433605
0.250577
0.354561
0.191590
0.029727
0.653129
2.311547
0.292415
0.129865
0.226844
0.148590
0.449257
0.584888
0.824803
0.981520
1.040859
0.113952
0.092654
0.248331
0.707821
0.230222
0.122786
0.147661
0.173009
0.592002
1.738489
0.466000
0.146037
0.171574
0.132094
1.175134
1.021438
0.492205
0.266007
0.104530
0.576104
0.076429
0.098514
0.067830
0.231405
0.392140
0.242214
1.652677
0.132709
0.106488
0.865472
0.057368
0.251779
2.416337
0.346414
0.082941
0.223950
0.632185
0.262599
0.529982
0.265116
0.237135
0.150395
0.546542
0.551503
0.338576
0.421375
0.386607
0.062939
2.010226
0.649374
0.810602
0.066082
1.182010
1.323950
0.340898
0.298473
0.187820
0.305881
0.573836
0.351573
0.164591
0.782769
1.154292
0.159087
0.171854
0.027467
0.501953
0.004241
0.309961
0.169198
0.272346
0.915274
0.395769
0.044305
0.354437
0.019782
0.531054
0.023690
0.085435
0.505753
0.742288
1.602096
0.713834
0.568718
1.097352
0.146799
0.068982
0.112672
0.622448
0.834315
0.613337
2.447598
0.461304
0.467395
0.153970
1.119259
0.540558
1.144317
1.160531
0.065508
0.102702
0.194164
1.641320
0.659383
0.260950
0.317697
0.737728
0.031407
0.363401
1.318290
0.597359
0.171209
1.093748
0.305639
1.741899
0.748973
0.621993
0.051670
1.912234
0.275647
1.202167
0.577438
0.269196
0.358918
0.172821
0.571838
0.260082
1.528996
0.433690
0.183657
0.039421
0.725429
0.496070
0.019519
0.344743
0.018242
0.355207
0.157007
0.050855
0.012714
0.110252
0.789743
0.189209
0.044792
0.144683
0.167293
0.990611
1.648804
0.241074
0.917133
0.244552
0.172810
0.372402
0.812626
0.815874
0.850249
0.331301
0.117855
0.735764
0.033306
0.364281
0.936182
0.886192
0.079273
1.079355
0.198926
0.100717
0.249683
0.455315
0.163662
0.270807
0.793875
0.037938
0.660717
1.065591
0.196026
0.008885
0.680123
0.169389
0.255544
0.438141
0.560711
0.589440
0.057618
0.324395
0.343374
1.303549
1.632642
0.613415
0.596479
0.013303
0.126916
0.391446
0.970111
0.231648
0.278822
0.102017
0.402862
0.858869
0.762308
0.893045
0.136377
0.431269
1.179340
1.787197
0.307366
0.130543
2.282046
0.113210
0.364020
0.246934
0.771562
0.106182
0.042842
1.127527
0.552292
0.432449
0.861258
0.497755
0.168215
0.364969
0.534605
0.356534
0.031459
0.359795
1.062871
0.335128
0.598026
0.284484
0.184772
0.326876
0.154812
0.396672
0.029780
0.094209
0.366608
0.363904
0.256679
0.355878
0.635858
1.254578
1.146106
0.352547
0.058263
1.983576
0.256305
0.753990
0.410465
0.125806
0.263061
0.934307
0.674527
0.034048
0.219659
0.808466
0.432415
0.134712
0.171186
0.161821
0.554439
0.456730
0.706115
1.377164
0.079226
0.841599
0.057189
0.548569
0.201176
0.356265
0.096425
0.026123
0.279536
0.038630
0.406915
0.386369
0.028509
1.584001
0.190554
0.477778
0.099449
0.647322
0.309079
1.268398
0.784709
0.848012
0.640740
0.231582
0.027106
0.006183
0.520929
0.641580
0.472287
0.258424
0.538213
0.708772
0.122837
0.728935
0.275708
0.398231
0.162080
0.457221
0.458124
0.610605
0.559833
0.085291
0.139447
0.652882
0.060936
0.410805
0.211130
0.174852
0.168633
0.818661
0.121663
0.040667
0.486548
1.393208
0.297852
0.561746
1.504383
0.050478
0.253498
0.412543
0.346203
0.029284
0.192460
0.631954
0.869074
0.680042
0.154984
0.053247
0.209747
1.006877
0.820328
0.008183
0.011808
0.025398
0.683769
0.074295
0.470553
0.046992
0.283857
1.132094
1.127862
0.523720
1.828702
0.364170
0.442788
0.274979
0.106688
0.386280
0.365999
0.445611
0.052666
0.009429
0.520263
0.271905
0.666157
0.318275
0.088863
0.001334
0.424206
0.352053
1.016958
0.237450
0.368739
1.115209
0.278942
0.155269
0.015536
0.019051
0.220534
0.311600
1.355052
0.145078
0.059921
1.191197
0.732980
0.602759
0.200759
1.625850
0.136321
0.947727
0.400519
0.206704
1.014115
0.110241
0.709565
0.463886
0.552448
1.268549
0.467266
0.137653
0.277872
0.323521
0.482102
1.478601
0.230165
0.023700
0.121026
0.255011
0.043694
0.423889
0.994955
0.008649
0.867182
1.869704
1.293933
0.449018
0.564579
0.147532
0.403632
1.234490
0.055615
0.055499
0.146472
1.819056
0.180434
0.006042
0.431688
1.782149
1.350907
0.102587
0.119347
0.222574
0.542210
0.889097
0.183584
0.015656
1.049215
0.369376
0.281362
1.622481
0.049317
0.173813
1.912439
1.246951
0.157266
1.166515
0.356720
1.464635
0.086294
0.033052
0.989863
0.153114
0.092579
0.061553
0.135563
0.319288
0.068392
0.845713
0.293169
0.031341
0.000619
0.533531
0.272388
0.544044
0.333778
0.649755
0.592031
0.226586
0.143591
0.066373
0.196833
0.210455
0.270599
0.180915
0.151204
0.582085
0.115713
0.737033
0.503084
0.227154
0.900827
0.342863
0.495635
0.002005
0.473510
1.006357
0.323091
0.673433
0.573038
1.260346
0.806480
0.574988
0.428514
0.124700
0.212703
0.032332
1.478892
0.020652
0.278442
0.110131
0.090027
0.698029
0.389616
0.437005
0.028830
0.810263
0.157728
0.152330
0.425735
1.176548
0.494081
0.262283
0.256415
0.148284
0.265675
0.006697
0.065629
1.095280
0.699692
0.817704
0.824459
0.403667
0.335187
0.241703
0.745130
0.900842
0.295240
0.641422
1.041493
1.031574
1.265644
0.020524
0.490916
0.309656
0.487679
0.571916
0.153188
1.119738
1.441475
0.907321
0.800763
0.424048
0.140712
0.111329
0.881310
0.535712
0.119711
1.512214
0.394417
1.693186
0.706405
0.217989
0.367113
0.140535
0.667208
0.174644
0.041693
0.100830
0.008859
1.555528
0.028588
1.390352
2.720381
0.571201
0.255155
0.481961
0.224985
0.544699
0.358814
0.182918
0.347259
0.185897
1.052497
0.685163
0.356793
0.613039
0.258301
0.641928
0.536433
1.488765
0.584306
0.267657
0.180090
0.117434
0.538728
0.019962
0.350725
0.672659
0.125363
0.368755
0.593704
0.162406
0.307817
0.586646
1.588455
0.980889
0.184996
0.193301
0.370091
0.861167
0.493117
0.011971
0.070698
0.351775
0.734043
0.513569
0.118960
0.095030
0.227067
1.018984
0.065152
0.027865
0.167192
0.276363
0.152943
1.439073
0.311585
0.729786
0.574907
0.578421
0.170795
0.237644
1.646526
0.691274
0.035720
1.270074
0.468826
0.237574
0.138393
0.070452
0.111296
1.015534
0.084260
0.201294
0.234186
1.293263
1.813093
0.440598
0.051464
0.206536
0.303870
0.124218
0.249276
0.672848
0.517257
0.533731
0.575062
0.057346
0.275637
0.228411
0.789653
0.624389
0.683248
0.706816
0.310140
0.840865
0.566426
0.036641
0.106692
1.260809
0.112878
0.248554
0.776707
0.220939
0.642096
0.088640
0.165567
0.596200
0.689497
0.238776
0.017758
0.113819
0.457745
0.278857
1.434373
0.140043
0.043653
0.492596
0.217427
0.354016
2.505795
0.079218
0.124572
0.670356
1.167886
0.574015
0.401803
0.435123
0.699992
0.682156
0.347396
1.555981
0.073182
0.170750
0.187462
0.980500
0.300514
0.451378
0.405729
0.111522
1.829646
0.446634
0.258345
0.426575
0.009167
0.212889
0.852452
0.053665
1.812873
0.093678
0.469726
1.701257
0.190904
0.885068
0.610477
0.124639
0.359160
0.148758
0.809211
0.154506
0.000893
0.180205
0.125074
0.074215
0.448130
0.381756
2.943127
0.022320
0.068783
0.402613
0.139579
0.054223
0.077565
0.520768
0.564590
0.088288
2.543683
0.341511
0.153014
1.708611
0.547952
1.030968
1.358346
2.041277
0.606142
0.509381
0.113936
0.120980
1.133118
0.002789
0.327676
1.141793
0.184209
0.605424
0.018344
1.151689
0.134613
0.016905
1.438871
0.226713
0.441256
0.103707
0.314921
0.654583
0.899105
0.077758
1.111974
0.880802
0.509352
0.084478
0.793416
0.181706
0.014326
0.653436
0.169723
0.656019
0.229665
0.338252
1.456074
0.153664
0.343752
0.277896
0.088770
0.818257
0.068734
0.110757
0.611106
0.226645
0.131944
0.523713
0.652852
0.852419
0.905403
0.109291
0.397206
0.555671
0.208037
0.289884
0.345688
1.938963
0.452460
0.174453
0.167042
0.488647
0.012083
0.424132
0.218788
0.248929
0.032777
0.178368
0.534662
0.411197
0.648088
0.855824
0.227825
0.965032
0.009147
0.037031
0.123800
0.143886
0.637460
1.481589
0.035354
0.407120
0.078145
0.479101
0.129325
0.331849
0.029021
0.649181
0.312149
0.527512
0.010899
0.689897
0.161128
0.023252
0.192987
0.496975
0.287777
0.241981
1.329132
0.049560
1.443752
0.534072
1.225530
0.185713
0.357916
1.343573
0.240339
0.655672
0.100442
0.053894
0.567982
0.144013
0.538240
0.867432
1.007487
1.090692
0.184542
1.282405
0.476135
0.741393
0.427694
0.504887
0.368408
0.949792
0.571497
0.921242
0.327211
0.063203
0.127601
0.263975
0.119833
0.092879
0.034429
0.067857
0.326746
0.431087
0.030317
0.988118
0.184301
0.137761
1.656493
2.178624
0.337735
0.487490
0.832375
0.221396
0.356588
0.063573
0.164825
0.066224
1.114622
0.967953
0.713037
0.267009
0.612217
0.290701
0.147408
0.103102
0.410070
0.327513
0.453815
0.740830
0.525049
0.543928
1.149532
0.069557
0.137757
1.590787
2.371092
0.398274
0.111137
1.549138
0.384263
0.586216
0.430988
0.213139
0.024672
0.045832
0.314111
0.199471
0.118899
0.222246
0.102086
1.776962
0.740535
1.107072
0.265748
0.014168
0.040110
1.786076
0.355156
0.559826
0.682549
0.086347
0.205240
0.516822
0.170173
0.430767
0.461622
0.164083
0.067683
0.809936
0.133697
0.543699
0.339093
0.836461
0.005012
0.388927
1.150742
0.323546
1.018497
0.059126
0.901767
0.027892
0.043278
0.468106
1.450304
0.341787
0.505064
0.011172
0.314706
0.077939
0.594875
0.118963
0.180443
0.016453
0.969080
0.447531
0.470622
0.306986
1.024645
0.666778
0.151147
0.055914
0.254887
0.699876
1.251158
0.263260
0.174035
0.851860
1.084798
0.089283
1.326234
0.638380
0.122815
0.006258
0.199456
0.088845
0.354262
1.673039
0.102219
1.838959
0.057770
1.062626
0.103183
0.265562
1.220741
0.021712
0.001740
0.369937
0.347873
1.038311
0.150071
0.718114
1.967385
0.537434
0.362339
1.144118
0.035211
0.828974
0.630359
1.537124
1.805985
0.519332
0.561713
0.105848
0.537221
0.001897
0.218159
0.090845
1.729906
0.386618
0.075915
0.040431
0.271571
0.198250
0.336412
0.201769
0.230879
0.339827
0.965076
1.024448
0.229318
0.060610
0.501606
0.214089
0.741003
0.080565
0.141752
0.918853
1.588501
1.653980
0.791382
1.338937
0.470140
0.316901
0.065100
0.155983
0.320482
0.322815
0.284699
0.291501
0.007126
0.427832
0.366421
0.283901
1.163073
0.004618
0.724678
0.158832
0.348981
0.483993
0.077320
1.021099
0.662720
0.749342
0.123309
0.353757
1.297775
0.313138
0.213817
1.075725
0.280035
0.076892
0.843634
0.019533
0.473340
1.382755
0.182862
0.044519
0.266131
0.674383
0.374298
0.278326
0.189489
0.023770
0.983436
0.122801
0.028614
0.490928
0.336594
0.408249
0.140875
0.501465
0.279553
1.952302
0.263624
0.520419
0.333723
0.204111
0.059540
0.900703
0.123496
0.389454
1.896605
0.017207
0.433043
0.445129
1.768241
1.084513
0.561410
0.241937
0.491951
0.112578
0.831642
1.420126
0.142534
0.555227
0.086794
0.180957
0.175471
0.523879
0.989099
0.389911
0.165973
0.171218
0.368407
0.589228
1.380752
0.004191
0.013899
0.025155
0.926648
0.141359
0.445994
0.859506
0.164319
0.092903
0.263992
0.144495
0.028431
0.044331
0.503366
0.571951
0.168754
0.294460
0.487776
0.382311
0.061459
0.762484
0.910539
0.265207
0.282508
0.601704
1.530417
0.626096
2.292316
0.321717
0.260749
1.305888
0.329722
0.284390
1.857862
0.197368
0.569797
0.417150
0.079438
1.611279
0.664744
0.407212
0.118575
0.781906
0.513543
0.934481
0.319415
1.318364
0.171802
0.049969
0.310781
0.260820
1.049734
0.179084
0.852129
0.184900
0.000438
0.737550
0.011762
2.337122
0.141022
0.280726
1.246046
0.652119
0.995360
1.117115
0.028159
0.392033
0.306935
0.112611
0.350188
0.107919
0.710994
0.627157
2.093165
0.256011
0.410996
0.305220
0.199584
0.952693
0.401475
0.785150
0.148993
0.280597
0.048840
0.039403
0.670852
0.049323
0.938743
0.717428
0.044199
0.048688
0.106268
0.000934
0.861318
0.028218
1.125910
1.044413
0.456058
0.218122
0.040512
0.053753
0.396676
0.905759
0.848197
0.380148
0.135453
0.236686
2.271600
0.417854
0.129603
0.389740
0.221934
0.332790
1.767272
0.300294
0.412547
0.617952
0.394221
0.262827
0.318647
0.497195
0.348193
0.543462
0.499725
0.195058
0.632252
0.374024
0.111065
0.189860
1.061176
0.162185
0.270535
0.279242
0.060300
0.133634
1.614426
0.216102
0.472902
1.495450
1.246606
0.916195
0.337765
0.161348
0.197258
0.309893
0.649723
1.093736
0.093990
0.159253
0.175937
0.514516
1.165574
0.800359
0.182206
0.382573
0.064639
0.011642
0.031707
0.193169
0.206973
1.421033
0.455001
0.707014
0.230716
0.620817
2.376244
0.200251
0.032009
0.461913
0.164095
1.940434
0.292570
0.736771
0.147302
0.732596
0.132522
2.022496
0.534672
0.258923
0.147357
1.533058
0.023989
0.086030
0.696451
0.217117
0.590136
1.031456
0.235206
0.701718
0.107449
0.626263
0.595272
0.782358
0.318436
0.033906
0.348518
0.310344
0.251743
0.415002
0.033834
0.562511
0.391885
0.355046
0.295514
0.800963
0.162427
0.568267
0.759301
1.360063
0.043470
0.018455
1.092542
0.069695
0.108027
0.509686
0.329230
1.090681
0.358817
0.974582
0.512720
0.611188
0.424111
0.205721
0.342910
0.021914
0.257809
3.177995
0.351908
0.800857
0.413015
0.422840
0.321041
0.055765
0.041221
1.263153
1.171844
0.220419
0.457042
0.577606
0.171694
0.573457
0.638713
0.098110
0.836979
1.235822
0.850083
0.174671
0.811430
0.199822
0.082706
0.293518
0.017768
0.644184
0.760103
0.378827
0.728702
0.101794
0.376978
0.159048
2.027123
0.048098
0.926397
0.304822
0.109855
1.277692
0.236205
0.053390
0.163448
1.856964
0.771557
0.421378
0.536476
0.354163
0.688461
0.317910
0.275031
0.416196
0.724824
0.127932
1.124210
1.249313
0.553998
1.324981
0.513725
0.299931
0.308631
0.263174
0.504361
2.306570
0.572394
0.481124
0.042667
0.372125
0.038668
0.163588
0.296422
0.299759
0.239275
0.647475
0.278036
0.091123
0.175180
0.044167
0.560637
0.022087
0.404890
0.051139
0.468508
0.193119
0.195022
0.349219
0.136031
2.463608
0.282803
1.061280
0.293373
1.115437
0.170905
0.041246
1.071275
1.774133
0.597256
1.668245
0.342724
0.738263
0.139514
1.435723
0.125832
0.488817
0.553531
0.523536
0.781287
1.676732
0.661343
0.312314
0.004141
0.170278
0.412496
0.479147
0.469546
1.080260
0.063401
0.939347
1.049774
0.400451
0.650032
0.193828
0.293172
0.008575
0.255860
0.197475
2.221029
0.051395
0.171756
0.331177
1.017250
0.382006
0.279087
0.048117
0.085991
0.051137
0.675048
1.482217
0.032139
0.321575
0.266323
0.036556
0.719830
1.838701
0.580707
0.232615
0.981082
0.820074
0.123730
0.667676
0.220903
1.465957
0.030028
0.806640
1.658077
0.307006
0.067941
1.517613
0.406539
0.270452
0.286617
0.277357
1.518124
0.997722
0.364399
0.058262
1.625503
0.149402
0.030088
0.011900
0.659621
0.318716
0.049371
0.342246
0.295353
0.759297
1.011199
0.182289
0.442189
0.045445
0.021686
1.442581
0.017082
0.053088
0.683091
2.956254
0.409988
1.027764
1.490233
0.061687
0.171072
0.243498
0.390257
0.138364
0.143559
0.030587
0.216724
0.118395
0.191096
0.263929
0.133523
0.025804
1.066356
0.199036
0.394776
0.198412
0.057911
0.266889
0.501276
0.596015
0.347070
0.562738
0.511590
0.381873
0.748579
0.243449
0.378978
0.204580
0.148830
0.327548
0.300611
0.396152
1.005475
2.532642
0.777802
0.061489
0.027243
0.075800
0.197677
0.231546
0.400145
0.411538
0.273194
0.283069
1.100496
1.704333
0.713213
3.312395
0.239445
0.249524
0.593834
1.064419
0.035423
0.204449
0.268163
0.930968
0.638431
1.463888
0.099482
1.920659
0.278515
0.500216
0.372993
0.173525
0.491706
0.188929
0.262925
0.568150
0.303798
0.664967
0.025468
0.003081
0.175791
0.318028
0.288508
0.102733
0.287716
0.110487
0.101919
0.852058
0.447209
1.057946
0.600474
0.538741
0.121095
0.060631
0.350768
1.375856
0.031301
0.576953
1.230885
0.334495
0.190540
0.290311
0.759354
1.430988
0.703498
0.105331
0.486219
0.118155
1.298193
0.556610
0.122060
0.125440
0.076648
0.532155
0.261801
0.433348
0.959670
0.448271
0.253524
0.293899
0.318853
0.050917
0.054907
0.580120
0.118506
0.468470
0.487451
0.158522
0.173202
0.385540
0.712466
0.470355
1.906928
0.388787
0.402033
0.660365
0.655468
0.095783
1.436960
0.533397
0.934864
0.087253
1.050941
2.209693
0.844139
0.168009
0.419225
0.552002
1.049466
1.681212
0.059904
0.214553
0.032093
0.122252
0.018072
0.159543
0.871722
0.536866
0.393606
0.062700
0.108926
0.181464
0.650068
0.095394
0.931661
0.164252
1.186248
0.428158
0.302874
0.949478
0.131440
0.178458
0.005229
0.057672
0.169928
0.873106
0.250710
0.968092
0.340634
0.158551
0.860452
0.466890
0.484651
1.073922
0.868188
0.533776
0.085069
0.523378
0.188745
0.604224
0.727889
0.356854
0.002860
0.340892
0.575798
0.950386
0.744243
0.446557
0.277409
0.129787
0.290710
0.534997
0.376223
0.300102
0.726066
0.848900
0.162081
0.087331
0.558379
0.736781
0.282819
0.340369
0.237268
0.027046
0.236621
0.112616
0.616882
0.381219
0.950544
0.011750
0.133817
0.480350
0.381142
0.137558
0.059201
0.122483
0.047739
1.085549
0.824843
0.363750
0.060839
0.143032
0.095504
0.515507
0.602129
1.405073
0.308342
1.885094
0.052715
0.071318
0.688854
0.379714
0.492669
0.067149
0.439402
0.001857
0.198257
0.173735
0.385209
0.097967
0.190448
0.739188
0.793126
0.949066
0.006293
1.187418
0.034901
0.054667
0.787320
1.040964
0.484391
1.190194
0.066249
0.790740
0.400188
0.869153
0.662380
0.005586
0.807562
0.898476
0.077766
0.398120
0.228060
0.736420
0.561425
1.507797
0.744572
0.000995
0.140194
0.186703
0.099178
0.411925
0.043655
1.849069
0.265015
0.050527
1.069386
0.325842
0.111375
0.562148
0.218589
0.857788
0.436860
0.325273
0.476567
0.071614
0.180070
0.214317
0.078066
0.054659
0.100935
0.170256
0.528544
0.398212
0.030576
0.198141
0.346618
0.897146
0.199620
0.682372
0.078543
0.355750
0.182508
0.130018
0.331137
0.631555
0.196589
0.228266
0.109115
0.371985
0.021267
0.399480
0.211496
0.489411
0.014428
1.601816
0.708770
0.200884
0.184076
1.162644
0.284952
0.337444
0.105878
0.045484
0.020332
0.143947
0.267334
0.388148
0.043822
0.679938
0.167350
0.130217
0.145444
0.446118
0.306485
0.667275
0.183715
0.764741
0.054487
0.350135
0.184178
0.078262
0.027625
0.529280
0.732963
0.042885
0.473930
0.374147
0.266416
1.265487
0.280245
0.940230
0.264839
0.483673
1.362348
0.299877
1.020375
0.214293
2.352317
1.539367
0.048188
0.161064
0.101221
0.211009
1.003675
0.512950
0.042235
0.095063
0.276587
0.101823
0.564577
0.660266
0.199596
0.655493
0.243923
0.051722
0.837364
3.245418
0.490548
0.127899
1.256044
0.027847
0.037998
0.200318
0.560553
0.003822
0.759708
0.392795
0.220172
0.739440
0.344709
0.297161
0.024333
0.571907
0.785930
1.221826
0.194986
1.033135
0.045127
0.688771
0.029658
0.719836
0.327742
0.244474
0.340057
1.008182
0.331796
0.182700
1.002516
0.058324
0.379411
0.766807
0.089727
0.464388
0.060718
0.911174
0.474120
1.129344
0.241041
1.733076
0.550738
1.062789
0.269635
0.627845
0.412807
0.117335
0.494804
1.081231
0.043057
0.626895
0.500871
0.075470
0.324635
0.060277
0.374150
1.770467
1.966915
0.005951
0.162239
0.934673
0.065017
0.827420
0.497154
0.168581
0.267081
0.682018
0.066515
0.013387
0.510666
0.353689
2.667601
0.183727
0.245267
0.265520
0.011443
1.495223
0.485340
0.526203
0.899977
0.608166
0.227445
0.315043
0.928266
0.925932
0.434971
0.231507
0.841191
0.412147
0.240996
0.047796
0.261475
0.350975
1.151501
0.018982
0.781729
0.188353
0.760770
1.233437
0.207985
0.273667
0.274277
0.204346
0.652846
0.830145
0.688149
0.696439
0.712832
0.229958
0.257537
0.451125
0.037550
0.730565
0.031895
1.239273
0.472193
0.514762
0.168963
0.276824
0.114253
0.553120
0.363161
0.472744
0.095327
0.269233
0.523146
1.664497
0.655109
0.281399
1.057311
0.036575
0.954924
0.179436
0.260454
0.434837
0.059083
0.083327
0.202148
1.024372
0.369251
0.664195
0.313163
0.451341
0.349706
0.374591
0.357343
0.060634
0.093207
0.798274
0.387563
0.234481
0.314246
0.028640
2.129318
0.511085
0.319354
0.503409
0.463622
0.112989
0.033608
0.330513
0.159279
1.243882
0.769059
0.567881
0.344395
1.134900
0.892880
0.887066
0.730015
0.218866
0.416741
0.132777
1.488165
0.035527
0.714528
0.307792
0.100931
1.333462
0.148583
0.640332
0.181837
0.643107
0.752127
0.171767
0.226177
0.143737
1.297551
1.724604
0.300839
2.321389
0.300656
0.645331
1.189051
0.135329
0.258534
0.259673
0.071814
0.134636
0.134240
1.159157
0.446489
0.807039
0.072385
0.387814
1.018248
1.128059
3.604743
0.026863
0.873713
0.148086
0.744618
0.070011
1.956647
0.401785
0.273574
0.210719
0.810036
0.212908
0.187075
0.146665
0.205590
0.722034
1.934835
0.140126
0.000579
0.241337
0.524193
0.072482
0.482390
1.081223
0.018595
0.117544
0.578994
0.093940
0.691319
0.405287
0.034423
0.689847
0.467871
1.114241
0.002348
0.240763
0.011619
2.090294
1.362334
0.293828
0.199201
0.666941
0.783034
0.511846
2.342700
0.068637
0.259402